frame #,zcr,energy,energy_entropy,spectral_centroid,spectral_spread,spectral_entropy,spectral_flux,spectral_rolloff,mfcc_1,mfcc_2,mfcc_3,mfcc_4,mfcc_5,mfcc_6,mfcc_7,mfcc_8,mfcc_9,mfcc_10,mfcc_11,mfcc_12,mfcc_13,chroma_1,chroma_2,chroma_3,chroma_4,chroma_5,chroma_6,chroma_7,chroma_8,chroma_9,chroma_10,chroma_11,chroma_12,chroma_std
0,0.04843757086489183,0.07756948432828054,3.275207415231255,0.12422747588496003,0.1544928538699576,0.4026436143110333,0.0,0.08018140589569162,-17.566130364359367,1.4491583058160868,-0.1861177813608843,0.21511699810848708,-0.09847468647173986,0.1938396441343081,0.3274048316848071,0.21575416696949204,-0.1867384371725236,-0.03835433174301648,0.09636521598429881,0.09361903677024877,0.13915698079018202,0.026050224985320128,0.08918362957725558,0.01119196366986754,0.0027878339409196855,0.003332123717556227,0.005339526522305099,0.011008469446314626,0.016014727337883148,0.004217060755905491,0.005496814876289062,0.000655837332608818,0.009594689179922065,0.023228858690008847
1,0.0755136287359971,0.06208233857631091,3.2765695143863893,0.15366776303353974,0.1694910258482284,0.6561233711569917,0.00042431343398735235,0.10394557823129252,-17.670814829824284,1.1265282099228877,-0.2236049736657621,0.21693902892794614,-0.11272121114547909,0.3273876205231642,0.02141204531115678,-0.006732969726328805,-0.29146366503344245,-0.17351278308741971,0.10507372401538789,-0.012105232783804879,0.035033056586622785,0.003733496047148054,0.007025307001724936,0.00467045429192921,0.0036087756329443578,0.0009646881780125744,0.004289738253061338,0.00516276397362536,0.0012732713570618877,0.0014174606991081105,0.00212189764523378,0.006006041516992009,0.008242915330866659,0.002238140236093727
2,0.10998231212299878,0.06947118695402493,3.229051973307739,0.18635133376800342,0.1545585277473693,1.3810466542348276,0.00040663140566638695,0.26684807256235826,-18.34163049047509,0.7516743367573323,0.2095816633716333,-0.08137255116732314,0.2597796741838064,0.6618560796280814,0.20973205170704082,0.08243166975449642,0.15803962254139542,-0.2604962143417119,0.02622051398933392,-0.04632942743830651,-0.1678402323381309,0.05868542745865398,0.07147682762742402,0.0022953645342483255,0.003254924217779421,0.0009245439311372899,0.0027717077471846054,0.002499815203750572,0.048378893473378766,0.0011828875167348557,0.0032044410331258802,0.0027121557215339246,0.0022295265300459302,0.025211628527814663
3,0.11746564470043992,0.08292122980979523,3.187719535509462,0.20732167248838426,0.1724352005208477,1.222018563841036,0.00032627022477237246,0.29360544217687073,-18.540128183592504,1.3999082152896059,0.6340797600534878,0.3468553061848171,-0.03406091487029422,0.09191886710198316,-0.22958592527435814,-0.2610368238950508,-0.4242723693918301,-0.22211841326132278,-0.009331843073266607,0.12937111274259522,0.0568919826006814,0.02225808708205205,0.029665489486482753,0.007814038790079136,0.00499783088254081,0.00541945561471517,0.0024665718995998307,0.0023760021068670793,0.007696338868587495,0.0015274566956535456,0.0037947022104195473,0.002199847219514567,0.0009614190026680053,0.008619537743495179
4,0.07306453807428909,0.07645395295136292,3.3048184146430453,0.15762086879773476,0.17109865913816788,0.7276440768936142,0.0004224971320006943,0.12036281179138322,-17.682398724387497,1.216968523061623,0.4548395075985553,-0.01909382893292695,-0.2613368744040461,0.49501115665706585,-0.17028181198361114,-0.13462174843980812,-0.09308120052686925,-0.2816542085269601,0.029575985418047082,0.22602562466438686,-0.027710380104110047,0.06267628245334336,0.10315446558108293,0.01359236443084189,0.004733377758866733,0.0010352526893554666,0.007098485566364992,0.010097498727169097,0.025914917040723993,0.0010068658319842391,0.0033913630748423585,0.002667311354483897,0.0023667682154803024,0.030161683276602357
5,0.057372216427048844,0.08339929029586932,3.264191444714318,0.1407072584145792,0.16840227466576096,0.45125282278334544,0.0005176846246510234,0.07383219954648526,-17.818146331599877,1.9500684638806831,0.12989887226349925,-0.02350430839528742,-0.31921725378490645,0.4431756768758943,0.43195868679154326,0.05569639141357466,0.22365199333689353,-0.08069713083057452,-0.3514392084467778,0.018853254532760523,-0.30918869064296706,0.025388755565261663,0.014304643281394632,0.030682179330372192,0.02090373038745516,0.007116982430782984,0.006784594430949736,0.0034733633366536257,0.0015347341041717015,0.006028046900912431,0.016602091029891543,0.011897476463556112,0.017224770770640316,0.008676922698794007
6,0.06000272121184634,0.07263621148559568,3.287905915786773,0.15495276956945692,0.17960869056392256,0.5321106014882294,0.00043976823647505394,0.08081632653061224,-17.753863098996455,1.8055617131235373,0.03268332627415971,0.004525759454827263,-0.219166072097484,0.08659425947217214,0.024575308115181174,0.08488157894472304,0.12160479400543699,0.05218421601645061,-0.10112680906311446,-0.08176665447950977,-0.22446940383019062,0.09321875514415891,0.006492556808793978,0.005044047183092366,0.0016331299048155355,0.000888012276423319,0.001158955731401947,0.0009416452440814367,0.006369986218329769,0.0006830094086554008,0.004616983215973153,0.018420578598793005,0.005620505723324337,0.02490326364862215
7,0.08050251712095786,0.0719834233461151,3.2590244012370304,0.14770334968573293,0.15339198681226032,0.8888653797685568,0.0005183110838371022,0.16997732426303855,-17.69162446051686,1.1093849800341151,-0.10866820202940763,0.3303971384134873,0.19954858985273788,0.29733938220659795,0.4319021678449033,0.06668176332559789,-0.24720851184351048,-0.1396675792287336,-0.0955412214196334,0.029379517095998973,0.1429355893614374,0.04884643409601787,0.01428441523375412,0.005108800628324204,0.009103730968412655,0.0010124478320249711,0.0036802374312599204,0.01177953826079059,0.0374211741301128,0.011680548038694404,0.0031108289980666566,0.003390031120054623,0.004985364575848308,0.014284085858985711
8,0.07973150709782757,0.06767752450516883,3.2987188620487573,0.14793508392371407,0.15786260949944722,0.7607104297328512,0.00032923550440291417,0.11918367346938775,-17.493726517677448,1.1001084123276244,-0.16001906728906065,0.02733284255710323,-0.07769951244018183,0.39420389537695594,-0.02395098458496714,0.02116768313045587,-0.27772769740974357,-0.17043147114947355,0.05970013857417376,0.022052312005990685,0.045892157556836434,0.0054479051154004265,0.008719912722461014,0.004351650664337337,0.004664181240482122,0.002124222191340729,0.0023173295648348164,0.002621985805593213,0.00580628504733269,0.0019603744554040287,0.0040367901045979225,0.007543853393323245,0.00472908542137805,0.0020487780643209845
9,0.07401696222050887,0.07506049715998092,3.2766808372427088,0.1587436095150873,0.15973444496722325,0.8119033470302517,0.0003929625053033635,0.1404081632653061,-17.889295913131424,1.3200482316283704,0.24007178152971534,-0.09034714186197725,-0.21323330912553096,0.34263897528901116,0.05481023493077383,0.08600459463795619,0.18772055405638088,0.11651259218537928,0.04969909940803012,0.0501654426743035,-0.2017019687927213,0.12267591586407572,0.038335392461668075,0.004768605742727433,0.0043243080891224245,0.0036942069417935726,0.002961468329440709,0.0014997507167006181,0.03601957503989208,0.00698795948982829,0.006976911742801108,0.0021081212661275936,0.003505737307485311,0.03346550435876729
10,0.11243140278470679,0.06819959687687463,3.2049513521254265,0.18928390778216847,0.1667555967357762,1.3312719600994534,0.0002718738179861184,0.26630385487528346,-18.24514296799389,1.1932707304167387,0.5026932954307181,0.25314677420388976,0.0477248107468114,0.08047141209740108,-0.042540159735847016,0.13213304907385784,0.2742315422824329,0.038850502694009956,-0.16688293698832177,-0.09379948757062728,-0.10748203759148803,0.020500824113135765,0.04948039142779216,0.0023406344057311113,0.005219400965438262,0.0023623362219936067,0.002426575685271046,0.0014476323228697372,0.012293402581364948,0.002702168011063354,0.004348896841920177,0.0029251331492484143,0.008402541962343081,0.013165023022025804
11,0.05710009524241462,0.06754085012835666,3.2744635428783457,0.16201671789020675,0.18092508429797863,0.5603114394637401,0.0003500378071455782,0.09668934240362811,-18.08039517239063,1.327352367056925,0.2762786972878952,0.17285145574611424,-0.24809161789000106,0.10825373504432453,-0.12238422497306209,0.16789733478440577,0.1852150441994027,-0.20720449407267644,-0.35151449767023885,-0.2783517016951231,-0.23683145796075322,0.1326681887944051,0.07772942377299642,0.010699472552593448,0.003414163270368522,0.00142522485815,0.001013654770451167,0.0005886543542460847,0.05848441179475151,0.0021352641300022685,0.005503649338240585,0.0026305787598497605,0.0012787577383714418,0.04067863847536663
12,0.05211120685745385,0.07405570443311739,3.251484329926763,0.13917483310340092,0.17065424709709695,0.42092831538431996,0.0005633825292274835,0.07210884353741497,-18.08190067201721,1.4192180748906396,0.22729272899758618,0.847766487245484,0.0545676042233416,-0.16294252469766568,0.028157564424021352,0.09491490521618698,-0.22383541334312163,-0.23030394946046667,-0.23319910614729322,-0.19326585381431535,0.13952622759140013,0.0092449923602949,0.021562779944041762,0.022843274261495912,0.004533406069847877,0.002855460913475968,0.003973786704020411,0.0014641509261971667,0.0371715320117926,0.001027016151083746,0.004765955368564105,0.001431790996537246,0.002958767734021572,0.011012671576056903
13,0.07528686108213524,0.05905691738931118,3.2641120219211386,0.15362309558355478,0.166175892700496,0.7868383912031796,0.0005795345645261657,0.12580498866213152,-17.916122735311493,1.4538488554129185,0.3642983022230063,0.01385704218243218,-0.035389511132866786,0.18644835012558966,-0.1895313088177317,0.034701272842091783,-0.08957779842340019,0.12309586227228365,0.06967929604579345,0.0739411715568446,-0.08301739833088133,0.001899633104957581,0.001772215192894817,0.009804321358792932,0.0033463763159882805,0.002354882548768012,0.00928013329370061,0.0074607021790701646,0.006608909366355543,0.009142113874260484,0.0014097739286239289,0.03573870294943307,0.006054076712780257,0.00891859170963391
14,0.05192979273436437,0.08171098964243646,3.2771246614837795,0.1235756442882337,0.15481936900201101,0.4137730622944439,0.0005821318138780135,0.08607709750566893,-17.434855331258095,1.3441003258327249,-0.226291313428029,0.20799176945469575,-0.18866494097156128,0.1743049561790827,0.3874884078784957,0.07608055382989738,-0.311170828750863,-0.010990178027634051,0.09238226246136999,0.2560077761290783,0.386500170456303,0.03782941563120194,0.014310694303488164,0.006073349964798385,0.0025088370861379326,0.0028352861089521635,0.0017788350924271838,0.005213412713435981,0.02934131019747289,0.006163412249382506,0.0013538909142418601,0.0025179038596935357,0.004496814344168384,0.011378571237212655
15,0.07197605333575219,0.06380360576088434,3.302759617523869,0.15496815426827876,0.17450278698082797,0.6675009919015944,0.0003933314118621524,0.10657596371882086,-17.540388338726228,1.1783674045591375,-0.1970673176949179,0.16387504861267635,-0.06443135897384664,0.4040130950664777,0.13034617087212713,0.16399389786018428,-0.1673711113364952,-0.13884270817472572,-0.10449552566802217,-0.0992728145578215,0.06052107761636476,0.030213950517200633,0.04221424506144321,0.0071698154597215225,0.004450354034231914,0.0024087373271467543,0.0026549966534698786,0.0036150973465139853,0.011753997827496424,0.0045805166865245436,0.005327980174925273,0.004002890799722702,0.00378117832878558,0.012131342291706737
16,0.10467594902263141,0.08492541455945928,3.2874572630527883,0.18239927159519584,0.16154479660604149,1.1609862713031778,0.0003521314978457168,0.2167800453514739,-18.120333944107685,1.343119904037252,0.4038876162446312,-0.059940048556933447,-0.061750858641013415,0.4013335823618459,-0.2139293930137299,-0.2709458327421268,-0.15759958687826875,-0.17991811788823378,0.010572770041458741,0.13520214281836324,0.0073677633253355634,0.06626317583816005,0.07520712216584578,0.007734650450897194,0.002309364670405182,0.0056248419690679095,0.005221570762630198,0.0016871065061475582,0.043577254411145336,0.0011692912654089314,0.002125227221877074,0.0028126572221088887,0.0020840385398771975,0.026155868046710926
17,0.058097872919406775,0.08001461686440023,3.276778081517146,0.1448421886216688,0.17477225502112362,0.44952802529575103,0.0005217688983655848,0.06829931972789116,-17.924488682204956,1.519052045869035,0.1184887684126484,0.4388360971164569,-0.1125141747571751,0.0026490530070691215,0.023272216932891332,-0.2178021270323695,-0.6343991429224778,0.29775787263577425,0.09585931368111485,-0.02687353480542988,0.20290585930054703,0.0011750868469871838,0.008401304835129573,0.01132847666732742,0.0030847620846048427,0.002364648666970091,0.00962525405843994,0.008183251442453078,0.027731579403879655,0.002000855673848809,0.0011541490801516231,0.0010426111946892518,0.002357003087068618,0.0073210909876387335
18,0.08898362737539117,0.06869189212113838,3.304346259183891,0.16681224502020162,0.16578625676523076,0.8940380896680752,0.0005303358152105344,0.18303854875283446,-17.78659640719433,1.416904626490938,0.14930105928924609,0.08219232870043398,0.017950597577183466,0.45625944672679736,-0.021440272496488902,-0.2887798880932647,-0.25826697902384244,-0.2993575779965723,0.19645197514452317,0.16664217017624033,-0.14023667212834517,0.0028406054898205916,0.001997438474935596,0.007809725677256389,0.0013516877812985567,0.003779332714407742,0.02924251924969243,0.02032575349695219,0.013098355100035515,0.004510463912348226,0.00312667524337464,0.002745100164487479,0.000691387070998688,0.00851050890187868
19,0.07215746745884168,0.07977539536122864,3.2861908908881174,0.14914495424369548,0.17106482250937788,0.6423148324313785,0.0004160993834346046,0.10793650793650794,-17.517795714331275,1.4283192707917118,0.21017794327170128,-0.13477110433658385,-0.1102946643861915,0.7138275202244525,0.11289873167172022,-0.20284726539047887,0.02180502112936686,-0.18399211919275207,-0.05736102834782756,0.11617382475294034,-0.20648992256144458,0.01588644251847389,0.04705886290201471,0.008286312575468387,0.022340651315120127,0.0072470122477274815,0.0019679804893953804,0.0038173914859363934,0.011132894511600456,0.0026179746869601076,0.00574792112975526,0.0037727132554357785,0.0016756592078601082,0.012397466650292387
20,0.07964080003628282,0.07416099572045176,3.228688768853067,0.1399749822567002,0.14790783758467657,0.6814694123136295,0.00030988214689134,0.12408163265306123,-17.713190583975646,1.8446398141619165,0.25752950239034295,-0.015856073684407022,-0.17007144319535172,0.19608421743883914,6.201660231753767e-05,0.027796408981503214,0.15692300222768227,0.05327372757919412,0.09027849861484824,-0.06766701226257163,-0.17947363012829462,0.009952499969083123,0.0365749582517591,0.011595395391518342,0.005996380380374024,0.0012789149451984958,0.010264135361312387,0.0038304517487998935,0.017202716338863965,0.0020401742639729876,0.006845647149761107,0.011746391610664226,0.0030292488957478878,0.00920060625615185
21,0.07578574992063132,0.08128918503710891,3.2654777684628282,0.13776063548551107,0.14754813662832453,0.7396276019279024,0.0005020591214533379,0.13596371882086167,-17.648501465193977,1.2040173490932191,-0.17094692512780812,0.2640742175213991,0.20647290601843735,0.33079013601622875,0.39953629489436415,0.11551744797594145,-0.21921499065399275,-0.14664234360121475,0.0619610973515599,0.18492624831955082,0.20822267782659795,0.03014054011207084,0.0057449825776249045,0.012074883104509482,0.008372156124696203,0.0021053829431313563,0.00484912266752313,0.006587186388540721,0.02812470262895767,0.00106195406793267,0.0030700884479285713,0.0032084345255633086,0.015153108796035836,0.009399832522065225
22,0.09737403056827974,0.07088659349047381,3.2699816123021574,0.15754314851241774,0.15206840144993738,1.0888821574212215,0.00034526363373196096,0.196281179138322,-17.68053004302345,1.027099227829041,0.018729318703538313,-0.17422169863798578,0.00016209072312838024,0.5304747453319176,0.21413908803866855,0.18209689189310568,-0.08970713408966419,-0.12759916349951073,0.040496438905273394,0.04894227520763565,0.1435034133503397,0.009305787617705973,0.011663062774939835,0.002731220853584203,0.008492063563159803,0.006065908811232963,0.008289186520195405,0.0020567951824920195,0.005747109258876421,0.003310270687402003,0.0019093652819939509,0.0009755859464891169,0.00514866885224852,0.00325801650501747
23,0.10444918136876956,0.06583899344478054,3.2644746741363857,0.1827088406036272,0.1575657406910259,1.327507205150697,0.00034081930207081337,0.25124716553287985,-18.302791170200454,1.2250134814266636,0.7340079454790226,-0.25447823298702954,0.0603968882407779,0.21832070379922372,-0.114159800165072,-0.08758318517439223,-0.10155861524794582,-0.16217705477822186,-0.028847208873872807,0.010365264854008793,-0.13661052059298406,0.08720917982811009,0.04953557289887629,0.00996485557048445,0.002647320360286296,0.002425066814236422,0.0004743100695566496,0.0016373825828191104,0.039720533952923916,0.003762159754664786,0.002317416826212315,0.0024252916736481217,0.0023633352300471504,0.02629733547165449
24,0.05927706471948841,0.07735293333885414,3.252913751430076,0.1472366461307226,0.165345350224417,0.5296134906784197,0.000576649172519217,0.08852607709750566,-18.264208900824812,1.5306012022578916,0.7100532815544558,0.04085783595612034,-0.5371695790603975,-0.24303589223421673,-0.39478217634213353,0.17331851696045875,0.3194880222791767,0.371324928145917,0.470614755306354,0.11240145258380993,-0.23050422373589036,0.016153692308171035,0.01396339553789124,0.005980889994062978,0.004341291921729017,0.0014242388482353715,0.00168255474867279,0.009016923773001211,0.016473440678516325,0.0015521793493045548,0.00631845511836077,0.004440714165629483,0.0035029438567483477,0.005341870450016342
25,0.07610322463603791,0.05910334783769296,3.290314406434977,0.16023525685260834,0.17037926035395692,0.7729165189911152,0.000559112574183687,0.12136054421768708,-18.021028740904303,1.0516800854531516,0.2649889607140745,0.6617053456873631,-0.022509519701288023,-0.07442289559996007,-0.01811098130898737,0.048498614192094607,-0.01674926550077842,0.1271629624360862,-0.24699848757995085,0.09903396205792675,-0.1952922947396342,0.04317463565946366,0.039619463989026805,0.0050766175730310465,0.002295665280298681,0.0017024340667139684,0.001506706315994188,0.0032646996409754184,0.0346615629271161,0.001311113408052621,0.0027768199366114184,0.010770028676317685,0.0029823159983109124,0.015712915120868826
26,0.04789332849562338,0.06615925412403713,3.1040631541504826,0.13257284646400525,0.16968246298257963,0.3593419490437781,0.0007149212925857381,0.05287981859410431,-18.437722675932502,2.061260669845044,0.27352268865304286,-0.15534043799571162,-0.6756681425671411,-0.08867784885932915,0.12525073397109138,0.7163316150777232,0.39245834768219906,-0.03161915366712452,-0.06352610508366112,0.12267372769187648,0.02718071664182537,0.005793313906419364,0.0074196989419444866,0.03241532381032513,0.0069115660719364985,0.004408900195610297,0.0073416501937582975,0.006064123428070091,0.06297231110651329,0.01071633542636301,0.00960725081929975,0.0067298422320814025,0.00815428554441125,0.016367372952021935
27,0.06925484148940995,0.0659928192613798,3.240395503849882,0.15126444535973377,0.1700634592212565,0.689068373702066,0.0005470308169451214,0.1164625850340136,-17.96346981866956,1.7703218181525928,0.6421619145214554,-0.024450580474145608,-0.47809444656179945,-0.30572355549989527,-0.022097484866715224,0.15624220870827218,-0.24290232992950617,0.10752292412342733,0.020151131471513213,0.29268524958547815,0.2239926620358185,0.0014572726690835842,0.002426412676125455,0.008905495570574937,0.003777181444238009,0.0020935127172758386,0.012789642019444398,0.0035669303261625282,0.015983834752078426,0.008355208534610546,0.004286487084998703,0.022502977669465168,0.0024227537023438516,0.006354135171787717
28,0.06725928613542564,0.07767474503785256,3.244309945144328,0.14330061059284255,0.1721378013977528,0.5435992023702273,0.0005215412882057669,0.09351473922902494,-17.497796507522427,1.1188067536142883,-0.2516459225205668,0.510930114781722,0.09222063111409337,0.24563014682763365,0.15984032626894681,0.06986706417259854,-0.2959711704080572,-0.015673336778937154,0.10699709414496175,0.06396491257946815,0.08720321194183395,0.03218079052382675,0.009546573844116066,0.014198030958102103,0.004416980488395789,0.0028269151599551873,0.006659654791830511,0.0038964607824399054,0.023776076880895804,0.0020928447618631827,0.006302218977189971,0.005636772193342052,0.003820405899376441,0.00895476600889483
29,0.07279241688965486,0.07339117285698157,3.2719857943037285,0.15974819163102108,0.18282510934916985,0.6278023992695604,0.0003427759616482292,0.10058956916099773,-17.619758673284714,1.2159152463509284,-0.050228413621532395,0.14200758615882192,0.05022644781234116,0.6706132608971549,0.15442951230834587,0.15534380479936433,-0.13137816418096282,-0.19166865573629485,-0.048132741194384196,0.02063342349231532,0.08489009071600737,0.009834657615175536,0.01776276720906634,0.0072963130523204306,0.006732957127319531,0.008874831547549186,0.005907579996162007,0.002761687401319232,0.005431197018496632,0.002385884658807934,0.002735245566873051,0.014969297960797054,0.008549309294962455,0.004540880644801218
30,0.12812372443194703,0.06773160314109919,3.282871118851036,0.2013862128784425,0.1599350856011998,1.6080923918492427,0.00030275061810738435,0.28834467120181406,-18.395145221270376,1.2594111010937885,0.6986569749078972,-0.15056995133050272,-0.053484289793680806,0.41141741566112966,-0.08309612109883763,0.010809659981652647,-0.08589595365854095,0.18262908857917995,0.057879397284368875,-0.11579030418500784,-0.23200307827616512,0.033494795980912755,0.025402274763725873,0.006436614988739553,0.0023609500519911225,0.0009005732152731029,0.0018043522118922502,0.0025363589441897046,0.01320482116637638,0.0012176387766364776,0.004729104707212589,0.004570646569425416,0.009729938827393333,0.009980213597479757
31,0.12395119960088893,0.06587564026220025,3.214288998851199,0.19291017451983763,0.15997663557247033,1.3789709104482004,0.0002566466570935368,0.27401360544217684,-18.686308549307476,1.1282170436001604,0.7572151125290484,0.14069483059423044,-0.11504466341630527,0.23826410863919684,0.033906539695545745,0.39040410951273546,0.003600398795530242,0.019815546379657708,-0.1483068516157912,-0.3881607473668228,-0.19283857707819663,0.07990542276085465,0.059277729689369556,0.007008994136070277,0.0040770491671232945,0.002348357097026779,0.00348437548894314,0.0024821679369018876,0.013365499941580978,0.0010695630114924365,0.0029258919487491044,0.0030011006686761635,0.00447491353859764,0.02483622446580951
32,0.08240736541339744,0.060346619076048075,3.292434305941361,0.17161408759654526,0.17803946556830402,0.7479627499531597,0.0003475231840336238,0.12897959183673469,-18.077551587866775,1.376156898162837,0.21564610413340152,-0.026934686350556375,-0.331304033784155,0.24582520151632054,0.021633759483202376,-0.08430512901653596,0.046336172461331815,-0.2628945667934124,0.0339702050848939,-0.09785334413941657,-0.28915773003811984,0.06283750624138902,0.07101214032491912,0.0048881388589430965,0.003433839055629063,0.0010880880135970851,0.00026894997807007013,0.002371801161029201,0.028862920290576573,0.0014638172404725597,0.001567017124347544,0.0025888008983279065,0.0021888138453261953,0.024333269764822675
33,0.04394757131842714,0.09501889074867918,3.2857430214898575,0.14317239317242395,0.17927699324367055,0.264793983578929,0.0010673465699827175,0.0582312925170068,-18.47692350690464,1.5219815603173696,-0.029825667186310724,0.05987008052206747,-0.49992430871139837,0.26392937469014527,0.9310084461371502,0.528868452727499,0.24044755638035376,-0.6043922282947687,-0.32631432274509303,0.16823517717232833,0.23304048453008,0.008122508379343694,0.007699852534735041,0.005652291192309616,0.0026032544095378647,0.0008070245558552908,0.0020253605377213006,0.003928078614468647,0.015154011490861987,0.0029331547403245225,0.0016217985940780856,0.00161596477208119,0.002812432455736786,0.003912685118844072
34,0.0812281736133158,0.05650104398141944,3.1924743180993675,0.17006765692816836,0.1844751980330989,0.7011955024964409,0.000969100243903277,0.11056689342403628,-18.15654230352608,1.6560402446185873,0.21303783329095421,0.3039157510885298,0.015844433745641588,0.27659003357053313,0.06686887113090814,0.2694132224103548,0.03842977059809816,-0.1165953098863117,-0.06942722523700134,-0.037107187173485864,-0.04072233758320335,0.007545071689046412,0.007189687549504448,0.01454717459544188,0.008186236515576211,0.007400582821090974,0.012721805159102468,0.0038419451113968434,0.01357748180967593,0.012102797052676228,0.009479679923109257,0.02177870378680407,0.007153935296958904,0.004580418587204394
35,0.10717039321511179,0.07264499900248104,3.3027812203149463,0.17845840981795574,0.16852692929152943,1.1571942724787045,0.0003775262131425427,0.20870748299319727,-17.80734517375066,0.9913609322487733,-0.1377823393304426,0.20212712334033106,0.3112172237040787,0.23057463446046794,0.33818005237220694,0.13964899022390012,-0.23612348490326318,-0.021311563892415217,0.10419933309306133,0.008764592485831835,0.002970450189086229,0.008330523922114738,0.0069511823586073515,0.011095665040189629,0.0020968869421609045,0.002604871413356649,0.0050355242322305495,0.0037022331899997834,0.019429407289505863,0.002696861105447199,0.0029777399617321536,0.006448894304457901,0.002055872378592448,0.0048412727536579275
36,0.07465191165132205,0.06558969645666451,3.247342434686069,0.1529262988183875,0.1682020203073021,0.67475544317424,0.0003693757002434278,0.1090249433106576,-17.88303977578634,1.069178095726653,0.04886861449728984,0.07747845158901139,0.11913243930899295,0.7328719131871158,0.22531956176971374,0.3419178509314078,-0.12717361214902742,-0.1774381202519598,-0.03548114732046699,-0.10908342563405726,0.004424102637468145,0.007487148489024932,0.033695665710950534,0.0038977679614146583,0.010301177235279207,0.001111807813980227,0.008510529529377048,0.0051790333931669005,0.012256414992883453,0.003465717444530961,0.002310888427514073,0.0048810483922809185,0.011581746611736264,0.008294788517521492
37,0.08567281962900812,0.0623427692722479,3.233168091222315,0.16658460424647725,0.16254662124346345,1.0298880696825077,0.0003450679189403318,0.17886621315192744,-18.141568706658642,1.4039382975239039,0.39759043273727324,0.06727220429928993,0.03180314603552133,0.02306489150884424,-0.19043916958401685,-0.14770243176793219,0.1271612928847955,0.15482185356290193,0.11693677055352836,0.4152888407601699,-0.3214507418555702,0.012852223620913207,0.024446206755969126,0.0053507803421318665,0.003259065235401682,0.0018471497038174778,0.001858942348405171,0.003976589491492789,0.007455431725551009,0.004154519829179174,0.017285373319316042,0.004248038157178041,0.004916359481043487,0.006699419815990171
38,0.0926572633679532,0.06639893516078119,3.1916374062967208,0.18262832373445895,0.16420864964709972,1.0639780829509005,0.0004346386556611579,0.23936507936507936,-18.92750736446575,0.9949389030146586,0.8038508734213919,0.13404711520026338,-0.2340186413461573,0.09986475735087352,0.2802371727638554,0.40743077223459434,0.30971777648024734,0.2353099154211273,0.011021346732372733,-0.27000902685503586,-0.2703003318654469,0.04406377753715224,0.016218273975395804,0.0035161856989427034,0.003562407511891071,0.0033735697404522927,0.0016365400973757803,0.0025322526294961857,0.022764329216183626,0.0017743911726732222,0.003953012969873322,0.004093363531790281,0.01025428501999979,0.012089243431562697
39,0.06716857907388091,0.055942994368636076,3.2277755914454986,0.1692871438198274,0.18059213431682108,0.6996587834101716,0.0004825205668873852,0.12308390022675737,-18.31055242262363,1.2863096794989883,0.33895077671850393,0.201912224472958,-0.2958140928278861,0.053445310932933233,-0.0005841094934000701,-0.06713783207041416,0.13756853159961052,-0.317920927490394,-0.19247310979454124,-0.17993247112566826,-0.4218369766126206,0.06884359575617106,0.06474015567799811,0.0036447665467576225,0.0023168971080734656,0.0012157723574382493,0.0016117196178859765,0.001044431186632509,0.026400417758335525,0.0015236634643339725,0.0008775810061844872,0.002674456511531585,0.002088412774705404,0.02424857402155225
40,0.06449272075831103,0.06398772659812119,3.2489852049372514,0.1408938567186624,0.16039692230652575,0.5893043671102781,0.00046052622848356036,0.09795918367346938,-18.01688335508101,1.4015254652378135,0.2099336002075578,0.7057277712228334,0.15984002425489724,-0.025334929878477533,0.2089011529380217,-0.2752329369636065,-0.15486701026144206,-0.12637672203855482,-0.10490017335488024,0.0376453213449723,0.07637000418764149,0.014300735242458808,0.03414534282308413,0.01566183101942092,0.008619993155642122,0.00524218612838496,0.005502068743259261,0.002548156902903961,0.02251927274520955,0.00745044698176565,0.00338894648129133,0.010547785458092377,0.004943620485013893,0.008889276843597721
41,0.0676221143816046,0.07672459498575801,3.227305739371976,0.15574524858721542,0.17647099319612344,0.6980338147233597,0.00046804857779916815,0.11401360544217687,-17.614076258100592,1.5425014103982364,0.3865648380178096,-0.024113833179747322,-0.24483320397712177,-0.12288108284122093,0.004821967966826983,0.11438292005718442,-0.11288448592457932,0.10003041835769716,0.04152762134855794,0.3474919456740972,0.15746951811365203,0.0148635879076332,0.01014091249961977,0.013267613296085114,0.007997676554011407,0.0033540255451568897,0.023945014408822157,0.00869879971581185,0.004172762865359975,0.005568910115952258,0.0018014269020408605,0.019699256007462664,0.006547818699942365,0.006490295065233404
42,0.07170393215111796,0.06713426289378308,3.298811716314632,0.15238576489881553,0.1751032535279554,0.6014064177733359,0.0003901355163544478,0.09578231292517007,-17.5952053868729,1.3473967784132665,-0.1852550325088165,0.35361349215762483,0.008691918294839718,0.15558504397765843,0.11203830090903574,0.018957647789338422,-0.3286762242214134,-0.004143999954571917,0.11747958473888512,0.13649180947730594,0.08302329616707649,0.0053675040350151994,0.0033777865212075687,0.011173810578231882,0.003397665750422546,0.0039005658328370935,0.013190653849080539,0.0024397925722624923,0.012572634531812656,0.005210073085825487,0.0018035784296929946,0.01733039184144864,0.004607506439950157,0.00490407604096841
43,0.09787291940677582,0.07077349297160922,3.288349487709642,0.1732327823945481,0.15957362286897697,1.1494553762868156,0.00035188622664727114,0.20761904761904762,-17.773374887836876,1.1375018261283243,0.1329264408930872,-0.08029522334541549,0.03115773728948879,0.6422617636208097,0.1635227829740776,0.1999558260012063,0.05011461819501395,-0.09595579347243553,0.04006800584725924,0.04343190360809096,-0.015122724717138339,0.006739777887578044,0.03551419676517126,0.003278635013888203,0.003969162820407337,0.00389337268152239,0.004827760910031937,0.0031810042124040113,0.014289594053201944,0.0029282919084004594,0.0019971194749804438,0.00649445417247693,0.02520947411348279,0.010103026981685484
44,0.08544605197514626,0.08920040812343508,3.3173586855144954,0.18174785939288898,0.16744935906355282,1.0201930679400315,0.0004586276166442796,0.18013605442176872,-18.177856736562354,1.2735382256804968,0.5903075305526225,0.06777436791445024,-0.21971958564620525,-0.13616931226119663,-0.27438783837436703,-0.3076295563923858,-0.5361711449004125,-0.07876703708449073,0.028655322310413695,0.25213044128589024,0.09774533331316479,0.055229043046973354,0.04641587590233118,0.0037140163401932916,0.0025933799815855947,0.001541358510747144,0.014199840065070765,0.0016643071166505428,0.02952508850253022,0.000892907763237985,0.001062650320160566,0.0005533148722470564,0.0006026350849330437,0.018766374601175598
45,0.06934554855095469,0.06491177320157616,3.2923420464528386,0.1505116414695094,0.17168735914155506,0.5768230821850534,0.0005323506683246343,0.09052154195011337,-18.18457725025799,1.1023426649016943,0.21361765034637628,0.4797227343798168,-0.253009569957034,0.425302286096632,0.35141810379725025,-0.13182687209252225,-0.3858311726894259,0.06363829880652623,0.355521042486426,0.3937661815526823,-0.10135290110322803,0.04395670517280955,0.019358098697724663,0.0015322901835244883,0.0049811014350347035,0.008356361134291841,0.004353441975541507,0.007466646743460619,0.029287024544994808,0.0007132006851338351,0.0032455941914273675,0.003637598132285734,0.003847997980330345,0.0127511578755052
46,0.09515170756043358,0.07444156855562394,3.2796532868838604,0.1698237956401791,0.16416309197101384,0.9188568231896087,0.00042827938362847875,0.1980952380952381,-17.932908429252443,1.60179145860576,0.3166359132711494,0.008259687875535604,-0.12170524734517511,0.6401005513103615,0.24964838011051993,-0.26846388188524595,-0.22981370423322753,-0.47708383449973324,0.31531753036036514,0.022399837396534145,-0.023544181850350107,0.003742535710778099,0.004903821476558117,0.010387587737741734,0.0019785473716547497,0.010935642564147696,0.0025876434138174245,0.0017326988631485192,0.008192633980723067,0.002027435462075314,0.002045811224868646,0.003520143048465507,0.0068289075535309055,0.0032230883531745957
47,0.059004943534854186,0.09569717314923593,3.2858808441115857,0.12769922343624626,0.14632398048819492,0.5612788668349616,0.0004673338617957689,0.09052154195011337,-17.514267282495926,1.6363668906978128,0.3207501426042464,-0.03959275119097245,-0.09681320950933836,0.5415742646085684,0.32667961106592674,-0.09814415246863008,0.1328631844329088,-0.10896727312903517,-0.13726131189531232,-0.1918144627517756,-0.5479894370487803,0.016888263769771806,0.018759848726926546,0.01828849571794799,0.005200742400297256,0.00615929318426909,0.021339085153329405,0.012192546675290692,0.006955574785001552,0.002318545052864633,0.027305918176639767,0.008226370651644192,0.0030388672633798334,0.007768148912853723
48,0.07964080003628282,0.09572184079174362,3.3086584206672334,0.1415120390989554,0.1443375027906791,0.7598656820475336,0.00044466166264630594,0.14458049886621316,-17.26524720757806,1.764063011927945,0.22220472335552185,0.23759483157326083,-0.23682585949548113,-0.21667637741313345,-0.09928244432114677,-0.03191391514413613,0.07090200512338707,0.0042712867583979686,0.03384584175966993,-0.0198585861688292,-0.20257096032542365,0.017984690989589606,0.001561039197989123,0.007439487861947003,0.004014049862784339,0.007112833431433118,0.005728691068769481,0.020160615616838053,0.011778843880992138,0.006231738684269275,0.02062098511950554,0.0060362366687669025,0.0033537922069200275,0.006402651068747187
49,0.11460837226178058,0.06507079551067714,3.3057349382332855,0.17318911370145118,0.15640844651116978,1.2629730121875171,0.0003973875706358191,0.21569160997732426,-17.905069148861912,1.1557399072447416,0.06020838370849391,0.2539644413470551,0.21231135105146115,0.0910110241459305,0.22375333003447034,-0.0923410588957907,-0.1929360831785844,0.012606694369964005,0.168407501021076,0.04797866922574011,0.13949612313339316,0.0009197968657114887,0.002360544264347181,0.010627135496846025,0.0025547612881651484,0.0028075485466837716,0.014152811045747136,0.0024566634069439395,0.010433504772135184,0.001573346918517568,0.006634245160000653,0.013534526100396583,0.0019060559091119164,0.0047817877870468695
50,0.10417706018413533,0.08454173152441677,3.2887847346639414,0.162715695644402,0.15181151326188005,1.1051233092152928,0.00033556657292450014,0.19192743764172335,-17.55205286117272,1.1142410708584574,0.29927365977292136,-0.10026284290348382,-0.06526554612721937,0.6114672718037222,0.03630544934220658,-0.04676781086473953,-0.36584867057647014,-0.3243661728896032,0.26073060147883154,0.19673780912515937,0.1808727002171583,0.019676916939707214,0.00593303713357821,0.005992142044507066,0.002774751069504261,0.0031742487345208627,0.002124287792378131,0.0031124221125615695,0.022151710419833406,0.002702288679034292,0.0013995646540246297,0.0014708561268140098,0.016734334705444994,0.00729208034087744
51,0.07456120458977732,0.07930046028585666,3.2870392976599017,0.1540509418997562,0.16171337786257314,0.8053214259750398,0.0003435512874928433,0.13922902494331066,-17.701417251124397,1.465638972525611,0.356435825386547,0.006159941269156519,-0.219228598915323,0.14741820686849916,-0.1896611526688664,-0.24504496374049686,-0.4060782816400964,0.06532870706047236,0.2617343888267718,0.46961037394991745,0.24246232249841224,0.0030463172290260076,0.0351011269374637,0.0072259326109661345,0.001091826524346932,0.002902183682498089,0.00640171413812177,0.00609471721171498,0.014452061634507005,0.0033809846161310412,0.0014763875544929667,0.0018197321675346451,0.0044026894099375696,0.009082919806929914
52,0.06381241779672547,0.0708053394064508,3.2317554837219764,0.14412720278901897,0.16861699930845603,0.4662418203685864,0.00048473236144049486,0.08136054421768707,-18.275058227189895,1.0325423682089185,-0.02579316838910964,0.515505239106236,0.017445430177349883,0.6072233252876199,0.4196992594290442,-0.3682836409243895,-0.33492246574922874,0.23235754682874868,0.5205042253309254,0.30721759720950365,-0.021909625432650973,0.030045689645517265,0.0337751314572739,0.006677814586724767,0.005855437823712908,0.004576990508196228,0.012420472182529233,0.005931264595481093,0.018828187832216972,0.006276016721489958,0.004209126549474545,0.0012715539824611215,0.006359281363868867,0.010165136837610458
53,0.09837180824527189,0.07660403251519543,3.249263268341003,0.17875243546998854,0.176284149582592,0.8756090891755214,0.00048693527589060395,0.17931972789115647,-17.913916160937593,1.4202849735172425,0.07933734877709582,0.09758710216633734,0.07321428103962277,0.663085377049708,0.22479026622630316,-0.07423483694851554,-0.34552428886765724,-0.41311492104080333,0.14851508868190952,0.05294925071353925,0.14969631165418062,0.0014851928233289315,0.012575072808487579,0.014140387062649695,0.00429551511889971,0.0023572075744665356,0.005657196687387526,0.004344861627398343,0.0017937205326312227,0.0010256540713429413,0.00492018806231221,0.019171611620937796,0.004147247924496616,0.0055389799686514024
54,0.06920948795863759,0.06862628154952674,3.295452591436835,0.15598777652794876,0.17215271789290937,0.6377591888215224,0.00043244956498069353,0.10040816326530612,-17.868773204847123,1.4999564810264956,0.06871830018046267,-0.007329238111472234,0.014377196821673904,0.6059940212405804,0.25091377813208393,-0.07929373940713838,0.17461925627893649,-0.233334689443621,-0.20661473467906588,-0.4352728740991006,-0.4309296260813668,0.014015938729577834,0.025604435944495123,0.010257909496491389,0.005464433344207707,0.03806182740759186,0.0071265529764381625,0.0037736590323833117,0.009067859795130417,0.002185420326436463,0.0038442727804629396,0.0035295305307202745,0.004514349613389166,0.01033570921332242
55,0.05065989387273799,0.08661522642356612,3.2700766285885914,0.13938235141533523,0.17286148937068976,0.38485209775442586,0.0005333472920282622,0.07102040816326531,-17.508811697471987,1.7732369074610883,-0.029814202587079654,0.2096184194670444,-0.26161862349686327,0.1301196592228579,-0.019346519780991125,-0.21541786254139553,-0.19960288679752092,-0.07693768998698675,0.14369352020230697,0.27349933272745747,0.06101662150963523,0.012808421533287633,0.020156309065917335,0.0014500658446166036,0.003943418922845496,0.006331978281743076,0.009867958331555004,0.021668880870360268,0.04706421131776577,0.001842014402317256,0.002449813287786367,0.0017117051203811415,0.0009152480599165059,0.012943181283157593
56,0.06771282144314934,0.06260089657597553,3.2832298002871156,0.14926884937034382,0.1700096300038631,0.5816117919859465,0.0005848092655672887,0.09541950113378685,-17.809020043157457,1.2793825359573547,-0.21262598511427208,0.2593186889182165,0.1677643186306419,0.37944852474975804,0.21075251183490393,-0.04584382878497406,-0.2827901029103079,0.056376832525666776,0.054938650507206914,0.012655757257005875,0.015646730848012172,0.006309000755185204,0.00531069007486481,0.006261184442593113,0.0025092725539043285,0.001153354315153418,0.015562982000955078,0.00036045894375956,0.008360550232701078,0.0009520234426509193,0.0033861967211432564,0.0230263723477646,0.0023158957631444032,0.006454325194599482
57,0.0988253435529956,0.0800744217854297,3.3060363425117565,0.17571761607082592,0.16018559326046317,1.0628493362160008,0.0004340277134753207,0.24616780045351475,-17.84676665907337,1.1730306312776073,0.12731414883572395,0.09348228885148237,-0.06499685640687435,0.5430205758313963,0.025400480588808054,0.2147390013533419,-0.05431622729133024,-0.18105914016937052,0.09503271760154747,0.1771874024098511,0.18529663250325262,0.047342485626520575,0.052589329769602906,0.0029987281016840466,0.003984552990146796,0.003678343088801518,0.003389404749231842,0.005342081766289205,0.019665537886619334,0.0012135205709185378,0.0015859348804303213,0.0029608881749626304,0.006028802005413565,0.017384541309670792
58,0.0668511043584743,0.07967505210797775,3.2929444473153144,0.1543246157438056,0.1621884109859615,0.6960809542936635,0.0004964433853489114,0.1253514739229025,-17.951594081043307,1.214784658081228,0.3256516608326897,0.049775116825290455,-0.037225525457920655,-0.19639493650106682,-0.15209965160494965,-0.5041821349732409,-0.5881493321143071,-0.03740948480929365,0.3666286471796334,-0.00011600465839120902,0.06083570232446317,0.015102126143335044,0.04145382322996809,0.004324789465632631,0.0035345759359807793,0.002715027013485979,0.0014162101419277217,0.003407865166918396,0.020220730604695012,0.0006146202968240758,0.0006923341766505058,0.002047933425798459,0.0004220128162690687,0.011710235778995182
59,0.07306453807428909,0.06919673868389617,3.281598476786322,0.15715695752092174,0.17386375641236732,0.6663311568523685,0.00046489037989578164,0.11854875283446711,-18.020317772367385,1.1705170498422488,0.22418648835247088,0.3341460939218528,0.11001046242668393,0.3420879977500429,0.21718279746605446,-0.32882751363658946,-0.3047164932692249,0.12789281333994557,0.4729259809144142,0.04335166834660094,-0.05617747009161603,0.07795751359233251,0.02045972791346714,0.012514036097100447,0.00512947179819769,0.004202990943738141,0.0021775479655181114,0.005591081480426285,0.042611603934442334,0.0016707349594573917,0.0029024043895000758,0.00412474804905906,0.0010573742919462092,0.022108933621771562
60,0.08177241598258424,0.07255177900192634,3.264287235823452,0.16844661410029535,0.17946952212682338,0.7507917235134991,0.00043027003035944864,0.13351473922902493,-17.797555189542067,1.5089343829818993,0.12963912826929497,0.09080234922475751,-0.1625677247299302,0.40624881465390794,0.08950537716674418,-0.13963175665549987,-0.04927539652679133,-0.15779224013261645,0.3671138283129107,0.024643799320611975,0.02430830163498322,0.0064171372104930005,0.0034861668381948986,0.03461109734315801,0.006993179341063837,0.006175322468877034,0.0037426992070003495,0.0013486886345528107,0.09084583078989701,0.002196121354766655,0.012951126963527756,0.006522942629599896,0.0007534520980998977,0.02456309191006865
61,0.06512767018912423,0.0752748224330208,3.3077510525768057,0.15282948268038654,0.1742804195883549,0.5371060911176555,0.0004147529697199061,0.08335600907029478,-17.716122092831373,1.7039508870348752,-0.20655019144614178,-0.1985682666472199,-0.23855594832384702,0.4827606554332917,0.3623913306646459,-0.05775412718848065,0.2731795589113949,-0.2184978561078851,0.02551134890665445,-0.17199924388300464,-0.3534610265571264,0.007834357629807099,0.004283580296784964,0.006170725410777291,0.001774340718686154,0.010374493172161565,0.013744395350796957,0.0008703608547115807,0.0014113955149306324,0.0018730887504150044,0.034987110638496965,0.01845609956296806,0.0032395447808190674,0.009486296758755852
62,0.06367635720440837,0.07289438167208334,3.269801014299843,0.1401654405852608,0.16759006454525877,0.4692565972882435,0.0005351448060830133,0.0799092970521542,-17.599455441415863,1.6465736497535048,-0.08128915250403566,0.2701023665600067,-0.21041458660063173,0.046438849038133334,0.05831915521566444,0.08780863220598736,-0.196516593640538,0.02707626852079207,0.3357185217289933,0.2602209337689172,0.1381153763188703,0.02377015176979251,0.004036156747959856,0.0201890073201298,0.007424234238957455,0.0027295173551475193,0.0057620654558535375,0.00913196566968757,0.01167458988666803,0.0006990837365046669,0.002653446180070889,0.02084479162437446,0.010772495703017446,0.0074648604649412646
63,0.07492403283595628,0.06637638131132012,3.3156296794248528,0.1520490306462336,0.1692993126658315,0.6671302045122817,0.00037185942874331564,0.10693877551020409,-17.610559407773483,1.2631408116224523,-0.14304247878193208,0.2722190510707392,0.044276392765611294,0.3485705665007306,0.11647680422868847,0.06139537258247216,-0.15445872533927676,0.09318591436997015,0.1252138045595421,0.013177181866544627,-0.03511437509857955,0.005306120536852102,0.00492634014619178,0.01089014347618375,0.003485985870772597,0.0016396765506982572,0.012278652939090832,0.0016489594158889986,0.011562028907549777,0.001620812630564225,0.0030381366423164573,0.012612746236034792,0.005245047558567819,0.004203116593066127
64,0.12513039140097057,0.08866390431424122,3.305424896504624,0.18793261454997554,0.15171828343725305,1.498473380463826,0.00041941355526676653,0.28861678004535146,-17.76130644625619,0.9987097166647343,0.18683152759346283,-0.14300526993964535,0.021866936543693247,0.3796841711332789,0.0860669612950824,0.09582432895912733,-0.06618223784082912,-0.2819366137761401,0.20721882450378115,0.25536035909215893,0.21399977263327807,0.032036625346421856,0.013981005750531602,0.004183021725470267,0.001603806767176691,0.0018100033110287149,0.010194181063118354,0.002957468081112672,0.03149089779366744,0.0014933510388723862,0.0017403632509182868,0.0010371364774120538,0.0033156810815566135,0.010928790461398896
65,0.08113746655177105,0.06579559765764224,3.2641437586235638,0.1604082183967655,0.17130737806019458,0.9545469292637009,0.0003761216867766753,0.12780045351473923,-17.917818102619993,0.8419510406417319,0.6018373303951663,0.23885114401372357,-0.038463729685801556,0.3354286938966298,-0.009679834217557873,-0.2164141204714872,-0.2644560791050542,0.10157401890806897,-0.00781997939075657,0.26563769096969836,-0.13597157471643187,0.015035837346160139,0.02883802321068999,0.006171289232142809,0.0031741385416343927,0.00234504824862737,0.003295800324541536,0.011716988716625338,0.02171606848490741,0.0037425081566076234,0.003529212278494409,0.005662636234953186,0.0046505407215634625,0.008191255814993902
66,0.07746383055920904,0.06778042141453063,3.2690927243432197,0.1590565372981386,0.1685307110944685,0.7150181046223876,0.00035175650577049097,0.12126984126984126,-17.964903392708315,1.160823999811693,0.30926961611072923,0.4255992245532811,-0.10444802904880919,0.45564529149649047,0.04342857985747032,-0.27881093030085286,-0.17615749086856528,-0.1338553049281107,0.4362871696743139,0.14618167343517252,-0.12127463545981321,0.014859960043618003,0.016329159394056034,0.01119495042200842,0.0021409564747891102,0.0028758689446309518,0.00849179765212264,0.0059169779064195275,0.03435441317215168,0.008310167980321977,0.002854662913486085,0.008013910119255228,0.004043475391429935,0.008578126723722893
67,0.0931107986756769,0.06572141864413465,3.269147285616765,0.17605544982756488,0.17781119434376325,0.8729499354072564,0.0002889415605496181,0.20535147392290248,-17.957527321560146,1.4424348165782357,0.10133601683077853,0.3574357550037659,0.1649740985089091,0.48230715273997504,-0.07739260884047933,-0.11147662630408331,-0.035926327907581504,-0.3255234032732378,0.157047508097089,0.021437299706377352,0.2537962886524748,0.03679648654147083,0.003951050067959855,0.006865477011390217,0.00529403548051407,0.004789381359631706,0.011367135117227475,0.008667030832579699,0.012612960209468197,0.003893054932490994,0.0026701047859825837,0.01181555866365171,0.006660353614088066,0.008793613933716419
68,0.06503696312757948,0.06976061671257892,3.2902442744693734,0.15590166169034333,0.1724365766118552,0.5602318064526675,0.0004481549484022119,0.08471655328798186,-17.837304196995888,1.6477921451105115,-0.1977821352369674,-0.2744512546537958,-0.21758365044378564,0.40947304691778375,0.04647457131738125,-0.07292418337682947,0.1648255395653833,-0.3238527595887815,-0.1357281716601369,-0.27845264993019475,-0.3540814786780778,0.05431441286274949,0.05811267361921866,0.0030633772274884902,0.0023838534485111965,0.0006500068978932023,0.0032812465052033846,0.001189445028646713,0.03367721267721322,0.0007649739555819128,0.0023776638395574166,0.0036386996230269373,0.008516088708113538,0.02064885531032286
69,0.0552859540115198,0.07957466838944793,3.2616504811303053,0.1370675921110982,0.17108084000772336,0.47324201146137856,0.0005998585811424333,0.08081632653061224,-17.503022161641837,1.3252793842256865,-0.15096825972594552,0.35587072388888724,-0.0587003066523281,0.05266730558918854,0.08086871397498663,-0.09372882461382528,-0.2113985910950332,0.23546159097990174,0.4037247529073035,0.47437520145371115,0.18262488978325336,0.009983990592766558,0.0031799005706520224,0.007598324741406715,0.00707068081094758,0.003439868636325795,0.009296034418626723,0.002531033988066564,0.0162284247096097,0.0032397490983596703,0.006733019275513867,0.007802735098622101,0.0018929624924701076,0.003934813151239754
70,0.07111433625107715,0.06637275392435259,3.3098889369971265,0.14448468108623094,0.16322360660913252,0.6273047519520507,0.00038089705711155387,0.10249433106575964,-17.50768770777251,1.2501306389463336,-0.1998960800946571,0.3046618309692394,0.10400228781488369,0.3058228300570731,0.14994520420229107,0.1453120582168877,-0.2739708051338834,-0.06317516646963886,0.08263441745028063,-0.027668060978080812,0.16375900256975878,0.0017484540583880693,0.0057802799739399965,0.008162304929958428,0.0041690810916711505,0.001677648313345233,0.01135238961953298,0.002137238938292364,0.01270469510811926,0.0030662018651796664,0.0041776818849585,0.01717445851629604,0.009568919315374088,0.00478729198701041
71,0.06589868021225452,0.07595634084036992,3.2706920925063026,0.13963832772200335,0.1625917201732031,0.5805554214817807,0.0004966640823877734,0.10040816326530612,-17.515303132328075,0.9504366970054716,-0.08615212191000768,0.2635613768382804,-0.037130218058456885,0.2622579954319595,0.1498654376844944,-0.276644342757088,-0.10233904531935015,-0.07591561273559164,0.01037274956321429,0.3572343291294018,0.054949297654621955,0.042523055575056826,0.07042666835820169,0.0033302998247418196,0.0009461036733708915,0.0035853922983364287,0.005792799729207001,0.004775858251664033,0.06528024087730885,0.0020193613110312115,0.0017525538564537298,0.001122308928014327,0.0037092876347664676,0.02520235276380354
72,0.07805342645924986,0.07171310838381169,3.2269348481821383,0.16417942287173376,0.1802775092585837,0.7195554922417269,0.00034069089530420365,0.12108843537414966,-17.92917844157232,1.332664206752761,-0.027041904038226698,0.4939850606687417,0.227250974745165,0.058993699859381424,0.18717536479706942,-0.4860843685836733,-0.4792165798493876,0.1204581653232609,0.14187434720529837,0.27829985579255023,0.02587857007753369,0.01090804395580957,0.017898870528086225,0.00888542660797039,0.010171796342527408,0.007791700854900298,0.007238001924770804,0.003753103824724804,0.010806325976720354,0.0019522071102234379,0.0032775786269904025,0.0009800394822162054,0.005123521371367271,0.004569606307434576
73,0.07419837634359835,0.06841042796766136,3.2879491811910087,0.15629781210492544,0.16703173653255843,0.713775334684754,0.00040680218486601686,0.12907029478458049,-17.892719147837948,1.3047606718806328,0.1420344426869498,0.3995865242319837,0.12198063890564231,0.2959177986821129,0.13207109485781368,-0.4828105011707786,-0.3213414922327537,-0.17218812147158266,0.3231807384558688,0.031952612754411275,-0.19522420307950322,0.019982058128060993,0.03092320311221467,0.013945133086359805,0.005845802769317736,0.014315705832967514,0.021102879304559858,0.0008410766264651174,0.011522820702683387,0.0016128660343992095,0.000874122067627794,0.001933204923417546,0.008782336609228633,0.009161323195758197
74,0.08735090026758584,0.06753165622760256,3.2453643808206123,0.1587535156395251,0.16611302156708604,0.7264504964815035,0.000421068133220213,0.1291609977324263,-18.1356824524494,1.3360932177983442,0.2364827974788833,0.24942820179414474,0.11028696695507521,0.6708890420294538,0.3071073651632371,-0.1340674134143781,-0.2258506059203,-0.5190081222324623,0.04969463617790736,0.11802157180635744,0.150962414318812,0.006577181532424224,0.011891964654982748,0.00857418175031794,0.009908324034612241,0.006418036344751644,0.0601802846764694,0.044028669337751125,0.004181191687417744,0.000654206506752311,0.005198619091495777,0.0014342403123016453,0.0025088595816038567,0.017879263257710908
75,0.07696494172071296,0.06584799304703505,3.2907500811387242,0.16808996513995575,0.1828938490690036,0.7075060024657589,0.00044498037321213463,0.1165532879818594,-17.716431850508904,1.492369399746599,-0.08373192483449338,-0.13807651984590988,-0.1500643115502813,0.4659615863764435,0.20072276254480456,-0.17473830782203037,0.014303812769401486,-0.14181118465909742,-0.03821630448249475,-0.16576366635768552,-0.532767773421404,0.003837685450797895,0.013455487002899254,0.006763119134679469,0.0018708655237802336,0.0010079883691518237,0.003126973237602199,0.014953114036402095,0.04186228969597323,0.0032097721382027614,0.0014224805462715066,0.011504062673379408,0.0017081356926587799,0.011051225777703396
76,0.10458524196108666,0.06315240259250443,3.258751896512614,0.15961215244391655,0.14891850321893987,1.107886817612919,0.000491936038996712,0.2001814058956916,-18.228383165770108,1.285178732388365,0.424657908126128,0.36027341899007304,-0.04632175489914644,-0.024695661295020946,-0.05363817055544681,0.06627219389109117,0.21174553813632668,0.12050054092440168,0.26624248757860614,0.26795377939698106,-0.2127571955830943,0.04084229713386924,0.014152051412670622,0.013935204772531799,0.00989026788310582,0.004899356167400491,0.003151833915054846,0.003970279639279363,0.046703518398990965,0.00751528012507924,0.0020622683393089368,0.00508598762702811,0.006139852295109117,0.014218782834716568
77,0.08644382965213841,0.05959707195509446,3.29393337855151,0.16786289384740224,0.17229626026395675,0.8259751434802107,0.00042197312920645545,0.13768707482993198,-18.001823206204485,1.0253859797163327,0.17212599530833322,0.5710636618291618,0.060288067618725315,0.20113004845400068,-0.03413019347469781,0.002036730484436221,-0.04410936355417058,-0.22880917496862646,0.014460967612447348,0.06997759278951962,-0.016780767915624675,0.0021604012909736685,0.005140956223770052,0.009801166500638503,0.001873283295402165,0.0033217958693653564,0.007720512679129524,0.004858201428874605,0.0026374537510327417,0.003857970302507119,0.002720925821713558,0.033326364117463446,0.010845479184805941,0.008332703805509182
78,0.06372171073518074,0.06739890744802435,3.2276917857849234,0.15197304515183763,0.17272100284181238,0.544077684768706,0.00042950637252811373,0.0926984126984127,-17.944516673946122,0.9970328416423309,0.056692783146416785,0.5197427364750593,-0.08725131700062597,0.20636032489241724,-0.06562801071912222,0.25306439245715046,0.23282817748366758,-0.14067549601597445,-0.13894717880261054,-0.11806799195744112,-0.06510805881370707,0.09690512907335863,0.07417292367191604,0.007127052067863456,0.004276277006256351,0.002837518390774056,0.0020306263531732227,0.0008292390780151912,0.046698149619606284,0.0008871391110705598,0.0021307135041683653,0.004790833224244626,0.003611448555293001,0.031808048041756236
79,0.06013878180416345,0.05678536985643023,3.178915968079837,0.16593730183545827,0.19203528148702176,0.4708604651969109,0.00045933078683773,0.059682539682539684,-18.73505421647739,1.6445959904949288,0.2216254587326754,0.6752838444399698,0.3311792275413495,0.1960422106948288,-0.000866565611153329,0.16485132753834209,-0.04175176045435046,0.008270774229500961,0.05959708912634211,0.18801999889055918,-0.09832331777335135,0.0312637271808746,0.020663166058828866,0.026826878858556575,0.002378425126200383,0.004584782436350929,0.010068923143517384,0.007882135739661626,0.0198408924972132,0.0031645022573719666,0.012654730278838995,0.0337464125367633,0.006782211471191807,0.010673907493464247
80,0.06571726608916505,0.05049472867358428,3.18223006927272,0.1709772313563309,0.19042763061000198,0.6107106534806838,0.0003754809081676883,0.09242630385487528,-18.399655229689582,1.5507758501955973,0.2619465603063429,0.42526509964066816,-0.016308073430240436,0.20158964957322792,-0.19951662428650008,0.03825931928546862,0.16342878900517366,0.026784221917486827,0.145935283206511,-0.054884320362743655,-0.08784586720478609,0.007446303203971691,0.006435645009555434,0.02364491088653793,0.0023461616699611567,0.005661705798893753,0.005183327144722489,0.01037061399379768,0.012108675195734149,0.012510467233110835,0.0037202451921152548,0.030568908035090363,0.0032787163996357586,0.00828500176976696
81,0.04757585378021679,0.06922731529377045,3.2734058277572835,0.12984869344944133,0.1716764165937291,0.30426360048996604,0.0004495299072585148,0.05442176870748299,-17.93039134875614,1.8876012666865778,-0.21406655663083557,-0.002904474981028561,-0.472462909890623,0.11644596430087537,0.35593370959849924,0.45647586809536433,0.04230119620063294,0.051405319050829734,0.36335218584083795,0.2030217562106278,0.044726410180121905,0.03494298071678371,0.014426905868604624,0.0038297615972299344,0.0057348322270350405,0.0052637279487513814,0.003492464003275294,0.011054161912789634,0.031963876941446694,0.002090061849063792,0.006863384224200105,0.003531238552116747,0.005805501322753432,0.010690387247692943
82,0.06930019502018232,0.07778593491375191,3.2870768438115316,0.15046731809562625,0.17457842249761493,0.5017857800345228,0.0006684225734718947,0.09034013605442177,-17.583776370542015,1.440561078176926,0.19085332016813258,0.542873680174641,-0.41308530342295485,-0.16179579163020147,-0.32979011198893826,0.2443060158506923,0.3908346396514949,0.022950535643076368,-0.16463999813668867,-0.1615463692848545,-0.17045582714283578,0.005948969396507347,0.001911017146922773,0.00340189732508249,0.0045400849314446235,0.020873198011758912,0.030195682253008522,0.0143062888391227,0.011531216844024302,0.0035997870761512256,0.002575482633072848,0.002231848943944663,0.009329391701361132,0.008423383008108735
83,0.06090979182729375,0.050796546320214984,3.1938648121225364,0.14460786271204912,0.17754066827604728,0.42983566799562023,0.0005948647554859699,0.08190476190476191,-18.326930909213853,1.1712157927857159,0.10098069198331713,0.6427359899701153,-0.2213776405907238,0.13122800239075,0.03128375816608828,0.25492885618746525,0.2698240318790066,0.06898533295061379,0.05661009007963861,-0.01709284787925312,-0.03846267302251459,0.03348769097806009,0.023702769824383206,0.015423077921312502,0.00956390712690696,0.0033936377694098055,0.0011673652455359673,0.011041628538560451,0.0194651314381852,0.006963628065924797,0.0024931649305876937,0.00273800364794465,0.005269526263293527,0.009591775474205535
84,0.07193069980497982,0.07363042954394362,3.242388708942112,0.1638440447806557,0.1840011747824569,0.6038999825446587,0.00042158795731164734,0.09523809523809523,-17.81034012636213,1.0771847608940963,0.13762397532363915,0.7293345238797677,0.09894212495283261,0.3377133967481534,0.04045675322462772,0.07537208396625299,0.11695052587639519,-0.1793844254794949,-0.056170662079258256,0.07125845909368675,0.09027126616189662,0.011648720136769859,0.007657261308862668,0.016838908681943397,0.009748521882405761,0.004952072019225609,0.008742648537331909,0.007159949534433533,0.0011221977092313407,0.0033717689079961273,0.0014530386268273561,0.03162077569203286,0.006000988690759514,0.007966622043234636
85,0.07447049752823258,0.062089720153765335,3.2889549133191727,0.16243144089346745,0.1822292535141076,0.6269855541486664,0.00045447868267304913,0.10231292517006803,-18.040395306769042,1.015579341666663,0.06448461003535284,0.5474770439881473,0.005214565097625842,0.08039097003406757,-0.06595814247504761,0.24639991042159254,-0.023599428680992282,-0.06567023834450993,-0.2857613519922573,-0.11894913158826184,-0.046164839284768736,0.1076933523739585,0.08243847030700535,0.014093960498734612,0.0017860269432201862,0.002815410304410206,0.004064955302702163,0.0038504276175297084,0.07795097257738554,0.0013137991081477339,0.004583584934458108,0.0015781154257382014,0.0021563542532916213,0.03766459931537714
86,0.06481019547371764,0.05323935959072302,3.121857198815215,0.1571638627354013,0.18596298055551796,0.45199491193038516,0.0004735523483040027,0.08707482993197278,-18.542067778809034,1.309133103260991,0.14431484930533198,0.6379525942264557,0.10691759466759451,0.3709858336908229,-0.22295178234426818,0.1746443031004612,0.058655436776273134,0.08126107266399887,0.036139545602680484,-0.004191229968321969,-0.009457117379144004,0.04603366644008162,0.0065617885334215515,0.011054408767609129,0.007746478853700665,0.0032757701619080624,0.00826582664744163,0.005537593398237105,0.011497374528986791,0.00157211651121471,0.003025819252748776,0.010244049668917973,0.0042988226152800135,0.011324679246898133
87,0.06825706381241779,0.05943600600060786,3.2828322576592774,0.1530546712376207,0.17372983532875774,0.6115763457852231,0.000393657509336829,0.09986394557823129,-17.80633569501391,1.1963503000961073,0.08703972319016812,0.5226256798601886,-0.0754392735389388,0.2778796248146995,-0.20116016856067076,0.010251585447849126,-0.04425341687098122,-0.044912824498308274,0.005714878496509163,-0.08311359936232915,0.12753206698441957,0.0022958840294214273,0.002366999402832654,0.007961270900547511,0.0023527936795883285,0.001606581824332837,0.012102860968811134,0.0065370503746938645,0.009304375683232124,0.003966726962344133,0.006340074877245739,0.043169612500355066,0.004600739010544236,0.01088406613565807
88,0.05397070161912105,0.06111680005130195,3.2934176922507925,0.13405411971715014,0.16971344492329093,0.3687395782875877,0.0005241111717506833,0.08616780045351474,-18.064558237408992,1.157521302477872,-0.06205321367200077,0.5241136988608821,-0.06461391683730328,0.4415435913788882,0.02146051703390555,0.34281391698451114,0.22685155110588995,-0.1300423716198466,-0.006326275021344474,-0.07959078214114826,0.008523396583982032,0.0030455301586886302,0.012645833268045612,0.003923656289230801,0.004521766165218321,0.0044833828630470056,0.008978149164499257,0.006967660161809147,0.0013044560977798882,0.0011167682272164125,0.00850486462205214,0.005778072104015181,0.04002027313905784,0.010039923986930002
89,0.06539979137375845,0.06388245815893435,3.2632114895670354,0.15588509685942264,0.17465810377173188,0.6731621412314311,0.0005091605694090442,0.11292517006802721,-17.675325604875436,1.410910810605007,-0.066067310225855,0.14347580988672556,0.17782077844175825,0.06896513699078254,-0.030239533847482337,0.19436668088625944,-9.398080572120548e-05,-0.0013040935738800712,-0.09392980601015435,0.10386317756590877,-0.12160035286065013,0.004434187511068916,0.00713657152996218,0.02534173730262154,0.0022739903905194076,0.0002966691696206203,0.006612744938148006,0.002580085495989342,0.033537599568610896,0.0021759235087197002,0.0027592872068018795,0.01204502184509182,0.0013778638908085248,0.010040135911946621
