frame #,zcr,energy,energy_entropy,spectral_centroid,spectral_spread,spectral_entropy,spectral_flux,spectral_rolloff,mfcc_1,mfcc_2,mfcc_3,mfcc_4,mfcc_5,mfcc_6,mfcc_7,mfcc_8,mfcc_9,mfcc_10,mfcc_11,mfcc_12,mfcc_13,chroma_1,chroma_2,chroma_3,chroma_4,chroma_5,chroma_6,chroma_7,chroma_8,chroma_9,chroma_10,chroma_11,chroma_12,chroma_std
0,0.03374302689464375,0.026677592761461297,2.9991708602172267,0.1457903748113938,0.17632322334602396,0.2704031968200001,0.0,0.04480725623582767,-20.85349027825692,1.858474699050995,-0.8441066700504283,-0.2081879697773932,0.1560803575659061,0.06459552797733023,-0.19430158783311385,-0.11782554823507568,-0.42898412243710593,-0.46694375108268377,-0.04001828901504369,-0.26858689060439633,-0.3485143992729754,0.03542471782369249,0.0004989880032385194,0.00026554048746584946,8.236257894293567e-05,0.00019547485327036222,0.00439095303186405,0.0003617392533279532,0.004431685547164424,0.00019493996030723782,0.00019718648910438882,0.0001402309039968437,0.0010174871037105352,0.009616801744297118
1,0.025488684294072292,0.014376923150959946,3.181670863501003,0.0878200376479696,0.15696372077418067,0.02378336859073434,0.002133159409998599,0.040272108843537414,-22.637530713637332,2.7532769568909883,-1.3368154220500121,-0.08162757509077359,0.22923966650345598,0.2729700381966177,-0.14427802270786147,0.0033265026213759354,-0.4803490251507258,-0.7052823299907289,0.05468686642208357,-0.22169281965422363,-0.3705756151915992,0.03443740800954371,0.0004713792643023035,7.539330965333711e-05,0.00017807087168979604,0.00016781620837412608,0.006475640303811402,0.00022018584564475807,0.002213400508641703,0.0002728438426255537,0.00039656091551038187,0.00021088987476223394,0.00035960155975702255,0.009403664150415004
2,0.028300603201959273,0.009333748286059651,3.2766420201260376,0.0967166936582479,0.13280479751382954,0.18601169828952827,0.0030599859965951613,0.04553287981859411,-22.194861002096943,2.1641749403949873,-0.526929560368472,-0.21169990544999576,-0.45481008827400704,-0.2662104466128222,-0.01168696673040874,-0.0992846540558375,-0.7774755895224472,-0.4898626663604492,0.01793376924804692,-0.09313188402884759,-0.14403165389215053,0.08089926791883625,0.0008982512711364664,0.0002476146150347542,0.0005080969215919854,0.0010724090431382303,0.008262894242619018,0.0013866414005726422,0.023428780682821008,0.0002610512504719327,5.4733178108435904e-05,0.0001944284951194675,0.0009527494590116077,0.022367148890597672
3,0.03238242097147263,0.024298907779670403,2.8800149584517007,0.12029755620012608,0.16821648546857887,0.2202000355302193,0.002902277182594336,0.048072562358276644,-21.336692473880557,2.043340918144292,-0.6860660335489585,-0.2742815442929679,-0.06040574955459113,-0.4602046690204878,0.2123373507024096,-0.10865576058581036,-0.9716201693343511,-0.7717255191526942,-0.7107254151670075,-0.35024973354173483,0.43307535230730876,0.04482812134008858,0.00042320794584041753,0.00015451925076567186,0.01912379392050346,0.0005538854413857093,0.00265022635977595,0.00024323858224399329,0.0009187754179693021,9.194923752256775e-05,0.00030656168338208725,0.0013768066887532874,0.00025811259341997,0.012801482533630119
4,0.04145312712594675,0.030282984880081,3.156439137364979,0.14037541918236923,0.18013748510818978,0.24531218868278626,0.0017292167208526703,0.05070294784580499,-20.263981871685132,1.790497318001016,-0.8668566652940554,-0.20713531879065464,-0.1865686068879362,-0.21189860641731212,-0.049690524313788384,0.010388462907197488,-0.9033022251661322,-0.5062968941494431,-0.512112447706522,-0.4820917768454708,0.39795268609287116,0.026956740885513468,0.000511855526498628,0.006739687564018796,0.002749985281328635,0.0012105433236554658,0.0017937985655946311,0.00019335282584736666,0.00618811356414834,0.000353210810116631,0.01650977949507425,0.00029174773153452325,0.00015514748215512877,0.00794817305666287
5,0.0419973694952152,0.028456531797055443,3.171933835262912,0.11350262083141906,0.14827374808580845,0.22235829488005518,0.0014503977147431696,0.053877551020408164,-19.93276656598176,1.9359533003875589,-0.9796186048975799,-0.3732722071201354,-0.31361358296358044,-0.5746239463662091,-0.22216215503994818,-0.2861989484124495,-0.5676461187739787,-0.2803747953424114,-0.2968245289596879,-0.27336557309832477,0.05496584026899101,0.07147496705769762,0.002016605010138302,0.0004454316236191568,0.00019028079358744595,0.0007435946226388464,0.002611728609581416,0.0007760382495878317,0.0066048142197494275,0.0003805049004457184,0.0014465382640951058,0.00553271912410373,0.00022115924869894985,0.019333273562840435
6,0.04644201551090752,0.024370412743640282,3.1799648896615142,0.13066113256757872,0.16106716299093754,0.2898152517936656,0.00087875277407159,0.055328798185941046,-20.522340388370235,1.655622557404017,-0.869190926927569,-0.1883172257528675,-0.14780987750061447,-0.6010558117795375,-0.14742550453502085,-0.04025887583079375,-0.4062932870634591,-0.2766543120760941,-0.043926333268091644,-0.04293704435410108,-0.13851388736997616,0.035608350289772314,0.0005865956147196483,0.00018590405124118038,0.00011134567776882344,0.0006213085561390536,0.0012583274921967621,0.00031919082979670966,0.0031568922920476293,0.0004200047963648748,0.000743870564372481,0.003870787029266327,0.00021347392328943432,0.009623342867299153
7,0.02603292666334074,0.013251399564533322,3.294546442026296,0.08709597629956532,0.140181535151048,0.05800868237374364,0.0022506426804365038,0.04036281179138322,-21.999876050091682,2.2241980973838418,-1.250434715962986,-0.24224163287354178,-0.01095484683978537,-0.30154840551336487,-0.1009360744037586,-0.03473762529935435,-0.684284956912149,-0.23227102610018233,-0.01465339455978338,-0.07641988376920038,-0.09503027694713906,0.00502378204780475,0.0002862804320762608,0.00023460655070906466,0.0003227512217743428,0.0002677133234812013,0.0003661148583786852,0.00015077407619789056,0.015815306789610337,0.0003032564729416336,0.0005712897238232381,0.00038509846212217636,0.00030831209824169043,0.0043622659339688785
8,0.023583836001632726,0.011973000592646114,3.295846617820677,0.08678738824191211,0.1396381688581328,0.054286899734581257,0.001965908658668455,0.026757369614512472,-22.588543553293743,2.7471237291235857,-0.6567027216760473,-0.07802109815824312,-0.3697971189312764,-0.17262965154503904,-0.1456404101778679,-0.3135081210890364,-0.7933321944827942,-0.6806908535474593,-0.10960159028276165,0.025543984060861297,0.028076722036415102,0.017144835435909,0.00018661102983209653,0.00010738560115431761,0.00028257802131852314,0.0004519059682880476,0.0072071638625310856,0.00031293977829754775,0.010417037197202555,0.00022667064006051324,8.934547862266286e-05,0.000538506499978781,0.002206118925380247,0.005261363462185314
9,0.03310807746383056,0.017554448281485602,3.0349844662446643,0.10262218653204645,0.1349931085934946,0.2065113447076971,0.002100339744408235,0.05070294784580499,-21.18234894408727,1.7094615949270295,-0.9693679518778999,-0.13915123902664903,0.07002491184038989,-0.2431847559993029,-0.31268033013424024,-0.4459098311216568,-0.7793256456456576,-0.3362194216114801,0.1449397369761095,-0.017394242311456087,-0.25578396601796327,0.0392683277275336,0.00029630314780195827,0.00011824363056748085,0.00016134474626451552,0.00048271847936574993,0.004398929264191733,0.0008044059776823271,0.010742721465439465,0.00013665639342253744,0.00014170456595595816,0.0005938198373929372,0.0014629475776215372,0.010778276849545455
10,0.02957050206358565,0.008386232179649216,3.2444076833256945,0.076938081930487,0.12172101452415167,0.0451677271518142,0.0018153015798517225,0.045351473922902494,-22.982769479785958,2.260167229824004,-1.4771433399698886,0.16143479121680052,0.30956596214547866,-0.0053840568967585545,-0.5137361177057512,-0.1904158156324673,-0.5572662472849617,-0.2825225322969023,-0.02424404321201078,-0.25618150256711825,-0.29296698062625703,0.033832016747770394,0.00020308667841234353,9.353029280077654e-05,6.831637245175272e-05,0.00031764561516484915,0.006909790055132417,0.0005830037409640981,0.0008929290799032139,0.000142991510304281,0.00015452920924977466,0.0004034818083103188,0.0003640515982946864,0.009277677002302887
11,0.026985350809560524,0.006248378450217678,3.2029234068289054,0.10314013105987759,0.1594313594794923,0.09828686303092518,0.002678057227509379,0.040272108843537414,-22.951502714043315,2.2865981247949305,-0.823283317729351,-0.09253066892216319,-0.2088326267000494,-0.2837638783593458,-0.27008637479608383,-0.19447830591755885,-0.5729515235523932,-0.37071814864303165,-0.03857255411341286,-0.20011650924488925,-0.19040524776814988,0.015297276674046793,0.0004585777084859485,0.0001242749479783688,0.00018269346000494187,0.0005112852055059261,0.006102345471279144,0.00023125637128124107,0.012984094200897701,0.0007669242122095613,0.00025025571064621663,0.0002883290889771319,0.0018881263871536023,0.005142948196073091
12,0.03542110753322146,0.01695886242063145,2.8072604844283857,0.13287510852849427,0.17116120607397212,0.2408676087814943,0.0010168867668856997,0.05052154195011338,-21.321665447762957,1.7851381824909733,-0.9560810358116204,-0.18280018864790518,0.030853466373429967,-0.18241359088601966,-0.3624786352221334,-0.18009965231620637,-0.4936163010956825,-0.4948087311346476,0.05449836607124954,-0.22200206090117203,-0.29899221949632115,0.027429903685315348,0.000763960505383994,0.00015627327344081574,8.250974677432164e-05,0.0004044933486337604,0.0016621513594597167,0.0008760646836121843,0.00998787332127869,0.0007639907968952752,0.0006355347454950483,0.00045781813682925526,0.0029333994378692493,0.007576015844754653
13,0.029751916186675133,0.012915262226291857,3.2513237636494097,0.08202389447515382,0.1271088784995695,0.03536498930851203,0.0020835318392976557,0.040272108843537414,-22.825339432554305,2.417074359639807,-1.4680436895902462,0.007319743762327642,0.24554378995487602,0.2403044873938675,-0.40929333374109383,-0.1747210397644337,-0.6731396073588298,-0.5581387627729155,0.2162321442424106,-0.15629288457394053,-0.20463277567963878,0.030678666441855972,0.0001605713624725401,6.077964211707511e-05,7.275835479382245e-05,0.00023277847775233856,0.0011923069713612009,0.00035219538185722946,0.002247094556422655,0.0003877154809017321,0.00029651858149723096,0.00016284939809864185,0.0009003426529166842,0.00834878395825443
14,0.030613633271350176,0.004043758542709062,3.2772319645871457,0.10215128238955405,0.15703521482791574,0.07657148911611866,0.002483066300477306,0.030204081632653063,-23.89012939053734,2.752415992726993,-0.902219409292512,-0.5973718225309557,-0.2482371865864185,-0.07931549583152911,-0.06549227468542157,0.05778646734088292,-0.581942629754183,-0.6561350665302599,0.02820599153347629,0.03294673294572925,-0.33936736361112974,0.026573747475820062,0.000797500112508499,0.0003068146382806265,0.00018627562862558186,0.0004089007747819491,0.004473487911630089,0.0002758360556172821,0.022639955096231873,0.0003730301698779142,0.0004503765379464115,0.0003594163437068104,0.002870000420706538,0.00890364976775988
15,0.026985350809560524,0.018891355587341153,2.665222872718382,0.09214796824537398,0.13572958821985592,0.15382711533449053,0.002983586802460025,0.048072562358276644,-21.05314792937405,2.0685428484187325,-0.9769243484333503,-0.4006553897116375,-0.1675282748858954,-0.4964467861229781,-0.11003775899527188,-0.2094782249234071,-0.7979025564689379,-0.7518696679976831,-0.616881820075753,-0.33384598298062634,0.21961850965348773,0.02213092291539043,0.0009113083103812358,0.000896350206972273,0.009937479667618968,0.0008738599030570088,0.0008307415332141954,0.00026750223905318277,0.012045368974655565,0.0006034792179323246,0.0008033405449169345,0.0015670678252817992,0.0012460385352123895,0.006554143367413976
16,0.04222413714907706,0.025694746176407827,3.073175597996456,0.14803847250804816,0.1851750817056547,0.2616599689159207,0.0014732459184093097,0.05560090702947846,-20.558924321013233,1.6744877909562492,-1.1356662595795755,-0.39405330313725406,-0.22418404505338513,-0.3934708988558815,-0.14866941413083123,-0.03884436487112263,-0.7236403017734877,-0.6344561671430895,-0.5942547195909608,-0.5685791172707337,0.37808473568188383,0.02842003745050001,0.0011861626489003808,0.01593662491802425,0.0026036740512981895,0.0006583088388089939,0.00018900467858650255,0.0007670115142390758,0.004945514477623246,0.0002976622958399528,0.024052167263922335,0.00011421154300677458,0.00043233034023526957,0.009772931051766959
17,0.04113565241054016,0.02682924043370001,3.135623244818916,0.1207005360906837,0.15858354124755195,0.24301318840093128,0.0015599788282803255,0.045714285714285714,-20.203957804051107,1.7614256501554937,-1.1560027576084364,-0.5869265814656784,-0.41997099924620934,-0.5623351934999179,-0.14854568483056008,-0.14004332252656443,-0.42600446364989425,-0.4719584549089554,-0.47129551740000386,-0.3343345570046097,-0.12032507674381485,0.00632189804146521,0.0028752051992748306,0.0015814641550022928,0.00019979741897508028,0.0011301990561462063,0.0008161050246495363,0.0003087696877731411,0.00026126465061295455,0.0009011509439537342,0.0017700163082792967,0.004942212775896784,0.0005119723112763981,0.0018832928358043543
18,0.0484829243956642,0.03587912724889994,3.1725431220612497,0.15749745205765822,0.18858430871489346,0.3103418083098518,0.0007174940003570485,0.04480725623582767,-20.475221598217807,1.8064528002169657,-1.0020733751997226,-0.6128202104817322,-0.31533406465533886,-0.48306506485170664,-0.37596591445838784,0.013113500881674494,-0.42612890190174546,-0.18466427839183072,0.018034262805456086,-0.0765872577364001,-0.2241172617134517,0.007806001101177302,0.0003286362280186642,0.00013390177238223108,7.561059083983262e-05,0.0003181322017886813,0.0007858348764774742,0.00032323245513979045,0.0007622339904382171,0.00016096684774330542,0.00043679604708344173,0.008524126441199724,0.0005165801824319248,0.0029112497963944346
19,0.03192888566374892,0.011339097310247015,3.075423748179521,0.10656560407056158,0.1538354184680684,0.13561573157373938,0.0010980988775572194,0.04462585034013605,-21.881204915335754,1.9542037338594125,-1.449903829992151,-0.6405486899751152,-0.2309562933821747,-0.2654813974116434,-0.08920257336947951,-0.016523902261753654,-0.5512659611084929,-0.16584579490678072,-0.11911162759835979,-0.04032975023393663,-0.17916959628644175,0.018633234200240566,0.00025929087958297576,0.00024166489586843163,0.00018777939748012228,0.00013518705715241476,0.00036085073767908407,0.0003918364325880164,0.002588578763275199,7.440024355406208e-05,0.0006343226794715138,0.0017706254094839468,0.0011270459349396527,0.005008934755107942
20,0.027484239648056602,0.007208164089642451,3.1411574880198847,0.10205319557286538,0.14866869477739816,0.14564315196224167,0.001812468853568371,0.04036281179138322,-22.76648193905705,2.0390470119301587,-0.6391987321331956,-0.19736611365716258,-0.3706237611917329,-0.28429402345691884,-0.23374003041258623,-0.2569137726176929,-0.7274593700735335,-0.5250626019243696,0.014896962532383609,-0.045550905430491125,-0.16872699177909892,0.03918273413682241,0.00029844225454066003,0.00013076872147431174,0.00026314673413460463,0.0010108625151323961,0.002484842192837228,0.0002397021874615117,0.019742052248334592,0.0004713848653632197,0.00041003990389025405,0.0006317458384680638,0.000336207603566698,0.011471314273268838
21,0.033470905710009526,0.024464880518035293,2.933684691027655,0.1317531616740669,0.17038714090354093,0.16823736461919583,0.0014427119027906954,0.05070294784580499,-20.935557659155346,1.917422954693179,-1.0480219324587536,-0.292481455907168,-0.26810590836822235,-0.384700191690224,-0.24950963271777848,0.0076420653109009785,-0.46326366226815996,-0.6195056176843823,0.19638159786647053,-0.37195370778125997,-0.22135386428926723,0.03626740147338568,0.0008510074183209027,0.00026467816264947203,0.00020204198580939145,0.0008950723119726645,0.0004545761433342282,0.0008289547945675855,0.005120003798511014,0.0003555488307289629,0.00019484237387738077,0.000498801205099027,0.0017507913084681573,0.00982373509428708
22,0.030749693863667285,0.017300959255988447,3.2048845671813266,0.0891137815250833,0.1514274475973006,0.02709704105710491,0.0038850885612966234,0.04036281179138322,-22.658051092911727,2.2453290542634647,-1.2794894527564016,-0.06790022258616085,-0.17832349015945576,-0.06373130865938993,-0.4671777957184147,0.02751143144225266,-0.09469505944664179,-0.6031498843624562,0.08566158831025014,-0.3793297327300631,-0.3986386049745281,0.005760334489094015,0.00014181712880298033,4.3046998770829416e-05,0.00011666988455735505,0.0003468559052380375,8.355117419965451e-05,5.844711112397627e-05,0.0012624457997005864,0.00023615418982372936,0.00014454513934586958,0.00041112629292577635,0.00029838257605722387,0.0015457032315241363
23,0.028391310263504013,0.007109130477439556,3.217804662446722,0.10489674137758917,0.15397055669034065,0.11147433919404887,0.0028802534716899685,0.038276643990929705,-23.011208688547523,2.148957995430704,-0.9866909940949505,-0.40777517788776496,-0.41282195526563437,-0.2255508607464469,-0.402100431550497,-0.3207611343887209,-0.5119409479676008,-0.4681762715072648,-0.22715304646345497,-0.3293649597296841,-0.4398167633683119,0.055538901203932144,0.0002834767468222168,9.85913564315998e-05,0.00023732712435329322,0.0009039803156147797,0.000682376130955918,0.0007419798911910656,0.00966336379140305,0.00033404148585919487,0.0005190690688642133,0.0006006229233324829,0.0013657059849046381,0.015173483124711076
24,0.0407728241643612,0.012277552469459257,2.8167488470429234,0.17005375472031184,0.1796362534757563,0.47656977608044415,0.001676608672984391,0.0707482993197279,-21.50945670723029,1.4896152729322525,-0.6702676678497345,-0.22114675913827198,-0.0076735256291178035,0.030546418330888322,-0.40917296555621846,-0.40305918645955685,-0.5238612158109195,-0.42851370308486053,0.13425365039971535,-0.17600271058861477,-0.4073418531765436,0.06638115981023866,0.0007080386214054282,0.0002917650522430592,0.0001926264255584723,0.0005526107609996581,0.0005195135789766987,0.00041663688410970294,0.02214649744491861,0.0006987984872504159,0.0005497462966025579,0.0005085628138206076,0.0020874822406200173,0.018598331501321834
25,0.03211029978683841,0.011717687526590134,3.2858108460633724,0.0889899448015909,0.1333319551118122,0.0426466767258515,0.0027386663529331643,0.04036281179138322,-22.977935021858453,2.00338587237702,-1.5632688601691345,-0.2621246923540417,-0.1009843981885628,0.3889722908742118,-0.4978457034823065,-0.07296535616286075,-0.4686597477892289,-0.5348738022872013,0.245216230705349,-0.13554655439692143,-0.39170871006052793,0.009899689890039946,0.00016057300130801935,5.1507719750910456e-05,0.0002064116305646097,0.00017796934922164622,4.6949884212576835e-05,0.0001813539071249292,0.0012028716831924567,7.027596323217623e-05,9.392027812835559e-05,3.979584658606152e-05,0.0005701736245318193,0.002684601421220185
26,0.03700848111025443,0.008740498537052816,2.9545251497514156,0.14626564249291274,0.15771078972206873,0.6032767687940226,0.003286819606189135,0.10748299319727891,-21.98072798379627,1.5820828537677842,-0.47668102727896644,-0.3974410067893691,-0.4164941735284059,-0.3664144595302263,0.04984799907783108,-0.05294108877134881,-0.6106054346656864,-0.4177051922952418,0.08109474818116308,-0.19454610985441756,-0.340818864632654,0.0905337839464028,0.0006640079424176594,0.0003428124573070466,0.00013999584231502338,0.0005928090577956507,0.0003428529712301635,5.3344022819949424e-05,0.0376060334427555,0.0005563711403875266,0.00044721797029769156,0.0001598723678414981,0.0012805564953557633,0.026054316562598642
27,0.03723524876411629,0.01808565659618369,2.6262284461964107,0.11305283920388752,0.14981709562951523,0.2924921021088046,0.0011283091174809896,0.05133786848072562,-20.85481247555701,1.767473327199688,-0.7857742431775867,-0.11241817032480073,-0.14103284133284227,-0.6463359263720296,-0.08599079114530572,-0.05837559576074135,-0.857369404157686,-0.7596805630125459,-0.6367357048526728,-0.3282343109449696,0.3371833621017691,0.014199523591162784,0.00056673597395828,0.00052959662276409,0.013456959016820804,0.0007199972096209286,0.0005649702624798825,0.000871131968564408,0.006213048568421118,0.00037458434207212704,0.0007236834965420899,0.002035427726434626,0.000454000240275712,0.004919544874518148
28,0.041543834187491496,0.02435406356999482,3.120680517387346,0.14775742648707788,0.1700023952066473,0.40809377663736385,0.0009974169811610548,0.0599546485260771,-20.381191772672377,1.3307069520738681,-0.9620375614131795,-0.29334842821898144,-0.18538839214196506,-0.51778165417553,-0.11672202092637012,-0.014981257149614482,-0.7567145472278911,-0.5565271025535528,-0.5186139451136493,-0.5121402257095988,0.4234318231722077,0.008928073949062665,0.0009843707187310884,0.011337469428613798,0.0014582532459593216,0.0006433090247972025,0.0004463148979604516,0.0001754643450244744,0.006442734437618697,0.00046063735220859217,0.011808323739478025,0.00046476090649750216,0.00040375644260304104,0.0044295334355067785
29,0.04186130890289809,0.024053842143926554,3.176302729939672,0.1095407742333644,0.15453670585590387,0.18446731575338496,0.0012179960943324976,0.05405895691609977,-20.100617112516804,1.8274800294896698,-1.1287415116890869,-0.4532954785063077,-0.45844203328184335,-0.5663033692254501,-0.07488786023597957,-0.005340647444230597,-0.5046675501274057,-0.2887217421734674,-0.3180758405812063,-0.41151810486633067,-0.02726964203997806,0.04060591977519541,0.001957296296050307,0.0022089908192999053,0.0001074565709384019,0.00022362468642396849,0.0012097269960915532,0.0004998991940134553,0.01777630797417485,0.00023352037789630076,0.0012078831345784,0.006132994368694509,0.0008829826589068864,0.01144035133779005
30,0.03995646061045852,0.033816607161723425,3.2003391258334504,0.14434797757555934,0.17510723498342032,0.31087818490239233,0.0011686623376562888,0.044897959183673466,-20.434435005467364,1.8207476618885985,-0.8925816899282637,-0.6413352461196166,-0.3537774398470036,-0.4845901433838397,-0.186284128261551,-0.087974862993658,-0.46608395997526475,-0.26053048956501984,-0.07511737682626138,0.016860582151784945,-0.08670330338104998,0.01777704613730498,0.0005028233885163704,0.00017185136287841383,0.00018721326551476077,0.0009715689735799588,0.0026066612613435737,0.0005942474993995191,0.004313850252680131,0.00048525166227282883,0.0004101428521307383,0.012518283540192611,0.0002584912755504535,0.005488755460276263
31,0.03537575400244909,0.019215347797748264,3.0586072711241625,0.11019606762555831,0.14270795810667306,0.20639640100878873,0.000749009904336431,0.04462585034013605,-21.334284007148266,1.7796423386607718,-1.1463870601982555,-0.6610199346314083,-0.25017303669712687,-0.3030791313835116,-0.16957079933110775,0.1228271858807638,-0.5064646855292019,-0.23984070479377215,-0.09138179281491574,0.07162571081700539,-0.24390020190933454,0.007034936682430501,0.00011184121349748098,0.00024788562390461904,0.0001923490332028354,0.0005773294227398615,0.0015224863651798215,0.00015725598149083012,0.004418365548689105,0.0006144165749235543,0.00017069489877370326,0.0029957981749679664,0.0004522597436654644,0.0020991646745656557
32,0.032019592725293665,0.0062966863435517445,3.3149344095812503,0.1309272516553744,0.17788801093365253,0.12003262640763683,0.002311788829608526,0.030204081632653063,-23.187248055514548,2.3639182156584395,-0.9009631586871714,-0.4464532554330407,-0.41630943158288813,-0.213345481704308,-0.30764726209792004,-0.3427731909348244,-0.5116849863508915,-0.36535716707634386,-0.13718981047229972,-0.31105341363839645,-0.20230952593618667,0.017598045291732062,0.00033417805057832904,0.00023928131606767552,0.00013415625836888387,0.00021540105552122693,0.00023554378927282717,0.0007213293473843908,0.012926045551496878,0.00038682523185338137,0.0008401608176334491,0.0011196918155726167,0.0010701210251725646,0.005582039601773328
33,0.03247312803301737,0.014969307543670589,2.7376487810162287,0.1720827238249653,0.1916404553756086,0.39550711739087085,0.0014948153595419431,0.05142857142857143,-21.305963074927607,1.7411174737730142,-0.6989716136284675,-0.08086725947103868,0.023610479157192256,-0.14486139972204248,-0.33624887730664643,-0.25054571234063006,-0.5354051791415106,-0.4411238028313481,0.15666853641239417,-0.6035515834651694,-0.2573943606169817,0.0770476541494183,0.0015294578733891099,0.00016857692503853864,0.0001672749866627208,0.00032269757983616724,0.0004760586680706558,0.0006858883959875012,0.0034411757110159903,0.000389990229256762,0.0010579726077164149,0.0004585001377564427,0.004835584596581612,0.021000998898136645
34,0.039140097056555856,0.014079348644981235,3.1493467769096455,0.12335235277720381,0.1674400385822727,0.14044411209591448,0.0013945509447853383,0.050340136054421766,-22.024876998679172,1.7891217961853343,-0.7512728939034734,-0.01956716026180593,-0.07376245419421718,-0.031035283195735695,-0.3607479153469376,-0.08552579146903401,-0.3056414752462962,-0.5536373794763454,0.2067990998320975,-0.48088523442842657,-0.3448801578388166,0.014133821923421174,0.00029609774720650576,0.0002370908108251928,0.00018782144717036507,0.00028748438139792747,0.0003202572218579678,0.0002958336771686884,0.011135290811266671,0.000473601643259568,0.0003054654291036504,0.0004528192970891933,0.0018572529677161245,0.00459410261616467
35,0.025942219601796,0.004835691871579938,3.03359429986884,0.08856748051024187,0.1398647603287666,0.0523142622297273,0.002534421478795567,0.03510204081632653,-23.584738084881412,2.6217552687714534,-0.8817412698141583,-0.0237489020225725,-0.4571653258997316,-0.0814393919509708,-0.425764790746977,-0.27326759258923083,-0.4052937230330403,-0.7187697331812777,-0.12519366357926315,-0.1862914197719701,-0.3979251265166895,0.10715082399477062,0.0022287960047696906,0.0009836651882423044,0.0002550625268683181,0.0005522579926131077,0.0008067530004610022,0.00259980468668628,0.023845109092381016,0.0006929790044798151,0.0024331386541586062,0.00036119922038672204,0.0036516743942535575,0.029322624136822004
36,0.032745249217651595,0.015410422342490815,2.5429551153015737,0.15944981394597152,0.17094631928214327,0.5052582663742631,0.0020727191903511092,0.08108843537414966,-20.86715743129381,1.348469370304569,-0.6643212585463956,-0.41552005870117203,-0.23426915269385473,-0.13594382988101,-0.06819292107280292,-0.024323515411243165,-0.4567106811313168,-0.5218516928765977,0.10856378067627817,-0.19628530586670168,-0.34511328472224045,0.027764329073714344,0.0006535532827635341,0.00027011069945964727,0.00020338586235571195,0.0011402914348382317,0.001170764631652548,0.0010755340936749024,0.012056725181089366,0.000387428179374218,0.0009301050976048875,0.00044981080665621457,0.0007504262832405296,0.007849856625308928
37,0.03650959227175836,0.020177257816699528,3.206115618835942,0.10817963161621516,0.1515219371715429,0.11967437570566547,0.0012111838521425837,0.05052154195011338,-21.341790251740612,1.4567564206506878,-1.228018240437056,-0.5156867913323753,-0.28392637544603105,-0.0015500971505312683,-0.24610993791062818,0.07552551928332875,-0.2630731893520383,-0.5860644444007355,0.10563630409921267,-0.1193624109116879,-0.3968804485921469,0.012074767457739942,0.00021567398345341852,0.00020705548756332087,0.00019502215996332724,0.00030933805599170355,4.9345193443770804e-05,0.0006036354707727917,0.008021610945512675,0.00016284979919192646,0.0001333237388760395,0.00013227086469520084,0.0002731862733516885,0.0037543425742939105
38,0.028300603201959273,0.005949372497942937,3.2328271193358096,0.09545603037241249,0.14307488581269207,0.04952950696817801,0.0019619536085489137,0.030113378684807256,-23.80135022088809,2.5568252401804576,-1.1761913206241608,-0.4795783772041241,-0.3631919597214787,-0.18462788521228662,-0.15728751924618273,0.06815623898124544,-0.4290831932509496,-0.4521904128543397,0.046179336759920676,-0.17553762719291088,-0.3423477536023122,0.0038017088477264238,8.248760114702522e-05,5.2942346636178504e-05,0.0001658789374559824,0.0011371023761394057,0.0006627835846238296,0.001510889279257265,0.013013272533373602,0.0002591875809660292,0.00031643417985286176,0.00018906787791018182,0.0007456923625909933,0.0035178740941652605
39,0.03782484466415711,0.009347424244967853,1.8688807477706562,0.16617619186575364,0.17528392851681984,0.6003892032088018,0.0036354492721782793,0.09160997732426304,-21.138959007873083,1.2999915353432683,-0.7159800449142941,-0.2589630031961192,-0.1229857831042102,0.042355012060610375,-0.36845342674168624,-0.27872718413493147,-0.2995775332004131,-0.3940121859038176,0.12526418272722106,-0.16923150397924874,-0.3199185062693985,0.03170793905029407,0.0006856196313459354,0.0004509379301741032,0.0003468032892740724,0.0004588239462316066,0.0002072180014459805,0.00286112076351525,0.0073697587305855536,0.0010247828473825716,0.00047534688537386355,0.0009082660316603226,0.004263524968096634,0.008536698376435165
40,0.034423329856229305,0.014702461530356698,3.2433018276068295,0.11343477672421702,0.15882846299994696,0.12501742620231274,0.001515308264737118,0.050340136054421766,-21.636225448692432,1.697801797464416,-1.0603783580640318,-0.2905526937577403,-0.30290186254159013,0.057194803821665724,-0.48973680563708794,-0.022038822828860258,-0.11451883434756421,-0.48312647943338016,0.011899195509096822,-0.19990787701573715,-0.28980514971946386,0.025923218143941752,0.0005664503224951618,0.00036534408994544045,8.47494757081724e-05,0.00016504518003480022,0.0002582918628665264,0.000282127448281504,0.015807661299875018,0.00017754920027032278,0.0003332013917780042,0.00026802667454833216,0.002262747845492468,0.0078936719386356
41,0.02603292666334074,0.0070114274485123295,3.3083063725402244,0.09733589348026855,0.15859354764381206,0.03417713400763699,0.0034093665410990944,0.030204081632653063,-23.69595514247048,2.5729827663919673,-1.0519451931186021,-0.4509955544784909,-0.23222295458196845,0.07347325748561523,-0.2599739629856057,0.08961167786471155,-0.4954043889470724,-0.9862510064122834,0.10402936427821599,-0.1395654493508657,-0.2536929548528185,0.0016098298817765191,0.00039196229695155475,8.432812043077363e-05,0.00025210688892069746,0.0002028596598528541,0.0004468241961128929,0.0010923967400577543,0.0016360257262277096,0.00014094103490557195,0.00023192526618699417,0.0001073188900758504,0.00017517491108054602,0.0005522092898754497
42,0.026486461971064447,0.005821949418209457,3.1182358446039395,0.11819890403808751,0.16012681266882928,0.22039832174622098,0.002384615264602265,0.0454421768707483,-22.493268637707587,1.9576125466977783,-0.6835730573632931,-0.317434626965015,-0.5366262043448351,-0.2559933345662641,-0.08620292576333786,-0.06450608295667742,-0.4063325737560087,-0.5122882541821554,0.010473960860050327,-0.17944087349805649,-0.3983630693628734,0.023498035444161156,0.0020795214056690482,0.0004492784044878136,0.00020710376178027012,0.00030808003632555716,0.00047337263252844537,0.0017239796058710307,0.020826941587222737,0.0009075466870564622,0.0003848791519447317,0.0003498047149938097,0.005397352880509406,0.007942428338127687
43,0.028482017325048754,0.007903414919835698,3.2457229311404285,0.08081876893990576,0.1350645422022077,0.05032722511416433,0.0013549972251284685,0.04036281179138322,-22.998696647157665,2.291103727041304,-1.2293972809554783,-0.35052216666566727,-0.5563492246383239,0.06471508204636962,-0.3138955540886662,-0.09779825150861003,-0.3064646137188419,-0.3826660556910204,0.05212638902061549,-0.24548604644204083,-0.4527405682600468,0.010183439601103617,0.0001927365645905838,0.0002891091961295258,0.00019347906361170234,0.00022496912611060025,0.00039159909814228403,0.0007886174113903764,0.011187597109065616,0.00030977780266531964,0.0003996609256684136,0.00027680861274147293,0.0004969863603289,0.003858067126086242
44,0.025443330763299923,0.0031820809870416766,3.211661531980196,0.09817275131854437,0.1629944546745855,0.035480770160697395,0.0020801425798626857,0.030113378684807256,-24.88637507165561,3.0760164510249393,-0.8982028645917564,-0.49886966584132203,-0.2214009290398134,0.22834192053407523,0.20305311982729796,-0.35156278186083684,-0.5962547308880992,-0.5903935029029743,-0.04146563560535232,-0.09859694608288766,0.05050855774580048,0.0050439260883746095,0.00045610122968743367,0.0002935899381261648,0.00034856080867758056,0.0014290797422694143,0.0006921501177233841,0.0006094991090740439,0.0024518178860319447,0.00026827215181680046,0.0006642080330923028,0.0002712674077399894,0.0018502563586741782,0.0013398488432498188
45,0.03029615855594358,0.003722355392295743,2.1827882065914586,0.19479408175923277,0.19576624216266988,0.6890549409487663,0.003294102093727129,0.11138321995464853,-22.684963938607062,1.6345431359007936,-0.8831965168191653,-0.4502818691590489,0.08348762916362486,-0.10806848769691425,-0.16672598253413545,-0.29620591116309464,-0.3360840271743414,-0.2759024005163906,-0.11962633453363868,-0.28855162203318857,-0.19392055534656272,0.0070065551781859515,0.00068245287316276,0.0006463764369023203,0.00011091401231936921,0.0013667241888348336,0.0011697666620350505,0.0017943948214203512,0.013873141797728682,0.0021930087267878237,0.0004896034273168633,0.0007054707458596906,0.0006860174289155224,0.0038325286513848952
46,0.04612454079550093,0.008123129790218182,3.058402195327815,0.15628846270520966,0.18223061221558606,0.3538247015200266,0.0011611841296053469,0.07056689342403628,-22.59227031339872,1.5805874203208257,-0.9786373400907606,-0.30796667012357987,0.016652248122435456,0.060859898314163614,-0.040377762161783674,-0.2979173132475347,-0.20749853652664507,-0.49749225920826073,0.10928747214115443,-0.19674529356518106,-0.19593884666904526,0.004862961361324493,0.00021046801008846457,0.00021055745105301018,0.00010340208777300838,0.0003836459739510854,0.00029232294495383813,0.00031940242991274764,0.007408778310351307,0.000655044613604767,0.0001236171415836856,0.0003125594541016728,0.00016086404943747745,0.0022487234241524282
47,0.03614676402557939,0.0015045307262221248,2.990091140486357,0.13899566727105556,0.19294286272842734,0.0827846056807625,0.0015793052523742888,0.031383219954648524,-25.342059293619066,2.058428441280215,-1.0320341079666506,-0.46025320244451917,-0.16866346416765926,0.4302696003298141,0.024351902170252487,0.03583736434462391,-0.25526912485495434,-0.3930572144686617,0.25639732249585717,-0.3359226906230062,-0.2498524672575522,0.00890541738548575,0.0006978149082150219,0.0001311043560888212,0.0003498205188322817,0.00026011710830924485,0.0010695481483333552,0.00035677556048536183,0.003486520380765149,0.0002972998689468382,5.106917043219463e-05,0.00023727507630675042,0.0007229751625934208,0.002436339872600985
48,0.03501292575627012,0.0024097145227554755,1.6224807241375228,0.10955668573602079,0.14975869578309123,0.20449788477159347,0.0019364347356898301,0.05043083900226757,-23.006320476162298,1.9403276932384166,-1.2718308272378587,-0.1957967833412887,-0.18038328065409792,-0.022478151010554726,-0.4501611591737851,-0.2672530396326779,-0.6787368706497869,-0.23480967717704904,0.09995511235172064,-0.02350695749745805,-0.05898802010391177,0.010382050715996063,0.0018184965830779448,0.0006995295791209855,0.0011855442534900048,0.003105281985694002,0.0032144548190712104,0.003769843726145919,0.01552396953245421,0.000711919985568496,0.0008138135096844846,0.0008270101484260976,0.002277599080767115,0.004391766162228609
49,0.030885754455984397,0.01174605361161373,3.232298343676718,0.08064933205083356,0.13175267460224568,0.050527985985973474,0.0037647481466911636,0.04036281179138322,-22.62290749790143,2.273269492397494,-1.1320707096218525,-0.05391869826203585,-0.11353631614913082,0.08154350172791493,-0.6091199311877473,-0.2772984934011206,-0.6929967805317415,-0.19628366549565368,0.06581229750626726,-0.14960248199506723,0.06616737863585095,0.003891476508562025,6.548033316351657e-05,0.00012097743866194769,0.00031542477934688197,0.00027502074182685077,0.0018183919658923443,0.0003509612131610775,0.007902987463514666,0.00028642503325679097,0.00012270301370823119,0.00016298779652649476,0.00030393175447965395,0.00225678588404072
50,0.02680393668647104,0.0048303967870853915,3.2851282735270373,0.07863297401343738,0.15435569231416754,0.010569128398478676,0.004722105632149955,0.030204081632653063,-25.032044159646333,3.4323928071511194,-1.4133546674814856,-0.4991419662633595,-0.16224837226722794,0.42818311317385727,-0.1737975900883845,-0.33784583853435757,-0.8871637693464075,-0.4366273407186884,-0.0356616063781516,-0.1421932273934507,-0.01950311753739603,0.004623508821314156,0.00025661953285209424,0.00012562152012128168,0.00021703069025612965,0.0004516982315618676,0.001972131985793119,0.0001655549558463145,0.0031516626314642754,0.00021940642927723275,0.00022713334369240965,0.00010239226582202351,0.0002713924501634344,0.0014192418956303387
51,0.02526191664021044,0.004167091255362459,3.2397433156694317,0.10206493752977126,0.15016328706434248,0.0691576862614461,0.0026527573740295525,0.03292517006802721,-23.920184236099345,2.5351904769858833,-0.8212071317855343,-0.4146450692359207,-0.17357893731589913,-0.014352420941379701,-0.15011372360662856,-0.2206552265097772,-0.3973581824992615,-0.5889877253216648,-0.0818071476241234,-0.045597521289246254,-0.1331345673931215,0.005601816373853762,0.00043026515425472264,0.00010229465608429391,0.00015240887580172645,0.0005861459969549425,0.00565509328926677,0.0003192067785304126,0.006528907552797394,0.00019167931126636673,0.00026610761775442446,0.00020524724489727258,0.00046387676392019235,0.0024492337266069568
52,0.036418885210213615,0.014030563468537795,3.1476837226558247,0.13643082504709986,0.1688761499867244,0.16801604256415825,0.0015301147626864205,0.05052154195011338,-21.84724734725752,1.6537034930295098,-0.8958550880078295,-0.18173577431142474,-0.06439501529683611,0.13585140885909577,-0.17032166960313488,-0.039805467898633554,-0.39691485906135154,-0.6848410953604013,0.14909910275920013,-0.252977784610288,-0.3279562049117846,0.015842877049991173,0.00021011295207587588,0.00017240189628617343,0.0002179476502126068,0.0004741114521417473,0.0019246208165516726,0.000270881411997683,0.0024742536858435205,0.0009589356221099141,0.0002469248558781944,0.00012547653327459084,0.0012991020202883046,0.00423331812164475
53,0.02938908794049617,0.0028680284573655303,3.0047108951876678,0.12032408932073936,0.16671567856592406,0.10372754520894513,0.0011789697594745464,0.030657596371882086,-24.294885906742966,3.0372223370920906,-0.7818332020821294,-0.5847772086376564,0.09492955198365031,0.2671679822974556,-0.38701634875338486,-0.0882262263562766,-0.48254837655699157,-0.7804156501746724,0.046766883218643,-0.2202221887513865,-0.15975221706274234,0.00643105095642756,0.0016471442108681614,0.0005377200946882052,0.000708043847534668,0.0022413466591172143,0.004135715929134133,0.0008873956230684078,0.004049876055676878,0.00023857087864412085,0.0009267698481741202,0.0026301373551415883,0.0007739043965680443,0.0018179393791077126
54,0.023493128940087985,0.01753337121529963,2.956727670461332,0.11101993636704983,0.16937832206832015,0.11750238034310193,0.0017864452349272474,0.04045351473922903,-21.14443928464,2.2462572573789803,-0.8107120509048733,-0.2331537120805963,0.04488761400980259,-0.24813493093768102,-0.37815432468061283,-0.646328630227967,-1.155377999204299,-0.6815568119855513,-0.11276753052310742,0.2417273557175807,0.03825139987080422,0.00226773499786652,0.0043730069894588,0.00048382772186814646,0.0009599238845952399,0.0032615487151927084,0.014336546483289858,0.007290339549783136,0.0031847515342443068,0.00033927622146380217,0.00022164342140168922,0.00016484766015542886,0.0011401721428680714,0.003935900426608147
55,0.030658986802122545,0.03985516162663026,3.2981015455865146,0.08514224478030247,0.1323975790195007,0.1109368583271379,0.005685967695915804,0.04036281179138322,-21.44865836679726,1.9979067324156894,-0.8849854759800172,-0.3090279906720582,-0.1259587181742893,-0.0937482432542821,-0.28459246772419267,-0.3593511890457419,-1.0008340442237083,-0.30097503088180844,0.10718670592929914,0.3136049977962854,0.00873178477398684,0.0018854299518106855,0.00024291093756311665,0.00014766247969388098,0.00014874238335224168,0.0001297691969659642,0.0010081345625248788,0.0009725108307045201,0.0019143888267194567,0.0002195076431343165,4.116852077756879e-05,3.5400823569273616e-05,0.0001513713108782681,0.0006715414279278432
56,0.01659939226268765,0.01615114419764885,3.1895341040740344,0.08728379715609624,0.16225798745110132,0.014161033462024639,0.0034934695147108255,0.028480725623582767,-23.950781689034955,3.330979810901481,-0.7511654327123789,-0.2048335179929202,-0.11582209281337721,0.04160076223141693,-0.23633412731736855,-0.5577815247218428,-1.208176395063297,-0.4183791668261252,0.1405796277896497,0.09360876820562614,-0.04675761008809505,0.004157845115735567,0.0002696429191025457,0.00012557560823468774,6.559244192487024e-05,0.000330936067596781,0.0006129574775030373,0.001924050665563158,0.0020026585447780244,4.295218467540853e-05,0.00020351170062908364,0.00042541170625377394,0.00033173823614496446,0.0011810150489406787
57,0.02036373531679441,0.003957739221904414,3.250660241498053,0.11006652003928974,0.17406937362554878,0.05053797114888167,0.0048684288739620505,0.025215419501133787,-24.623313601241463,2.8932925689268996,-0.7083532536419028,-0.4477371093558854,-0.7306380389896076,-0.4761071793653597,-0.1685664279029403,-0.029568180906822544,-0.7245666443264152,-0.5165242060090612,-0.10831707394378971,-0.16570337784596378,0.11378540936661535,0.0051373293667767135,0.000278748656637447,0.00030999932500192737,0.0005273358439626039,0.0002728045139569668,0.0006533178653750853,0.0005664216322603398,0.028179586770230493,0.0002525825653466065,0.00015695199766224663,0.0001160001704005155,0.00014375477241853046,0.007693499929356334
58,0.026939997278788153,0.022179067610732704,3.1461515448640243,0.0937220063521853,0.1509919931204925,0.05996099844186173,0.006335624506905213,0.04036281179138322,-22.348926908179752,2.2394705993144997,-1.0900898167769084,-0.30914773918472627,-0.3557261250413897,-0.5356447834577436,-0.2968607365457592,-0.2639612407352242,-0.9189899044301839,-0.9320543746105711,-0.2850592140834951,0.6114942608457059,0.41140666271398185,0.001446959488046051,0.0002129780567265549,8.530165606991778e-05,0.00013198088782880198,0.0008703793274925639,0.056148036350561426,0.00038636888970193365,0.004149180819485887,0.00018718550166764517,7.55512715527679e-05,0.00016753156196229336,6.85393856182606e-05,0.01536330797630265
59,0.026259694317202594,0.005545874900329227,3.1933837012398976,0.11703859918696106,0.19658470924880075,0.03166857107319681,0.0014834019290126353,0.04036281179138322,-24.240518997737457,2.6638900724231993,-1.1219690650579741,-0.4441182320256274,-0.30356708884831435,-0.17928704065987344,-0.32408028361634,-0.29243813498993143,-0.7665324977562076,-1.0338080039341049,-0.3011107181044136,0.5693151939111051,0.2655504925777181,0.0032394196955013404,0.0001757326169689734,0.00019720112251298713,0.0005672874743173672,0.00041529194527609707,0.03615797955933448,0.0004910001583196084,0.003983776446106277,0.00013970021176586435,0.00017941715685146416,0.00020294686079615803,0.001046255773269552,0.00980334810138885
60,0.030024037371309355,0.002862056359297845,3.2593710308320674,0.1173616439700481,0.16762223138187735,0.08084865562396737,0.002371079701676199,0.04036281179138322,-24.68534626288705,2.48603432985332,-0.8982186428325712,-0.25758758156610956,-0.3004267202751292,-0.20981225456000593,-0.4421958798934642,0.0037864718076400933,-0.2584342401585299,-1.0091895818822492,-0.2484142366773947,0.2774753682010403,0.11747265736129506,0.007637363807798831,0.00042940471848155234,0.00017202973796071354,0.00011397326381963972,0.0005241805350134548,0.004021416016089592,0.0008153006935432522,0.012182154496523953,0.0003231435138992824,0.00022426509985860226,0.000120185889360066,0.00028462734553314607,0.0036997128335046515
61,0.03451403691777405,0.01348247547016936,3.0456885248991923,0.09059452307854825,0.13412482721569696,0.10837010320483209,0.002764313167322359,0.04036281179138322,-22.029578442273618,1.997211387560678,-1.164096521733203,-0.47430911713305335,-0.17303688593582398,-0.1282449468433197,-0.3317668802927056,-0.4878701743851308,-0.8358707999657714,-0.24970180015161753,0.260899756284262,0.04687822135632608,-0.03530140594139892,0.0054624636101044954,0.00011549148942189858,0.0001487958348550689,0.0002874051919423296,0.0004891008026415826,0.001102671724220068,0.0010504810316872436,0.03174483154674438,7.622331963989863e-05,7.840252507065056e-05,0.00021798704571299263,0.0005944834301091504,0.008650870895344897
62,0.026985350809560524,0.0018966740450882561,2.8675525115139133,0.0876609776844709,0.1586745688410013,0.023958273757815864,0.001526209500410827,0.030294784580498866,-25.383515439180634,3.3134761648423368,-1.1926731889344415,-0.19050434443113712,-0.2305281541821532,-0.13389672051947535,-0.20813453812179325,-0.15436921257237213,-0.6770762781085273,-0.2463920819673123,0.11183898025475421,0.06824118834343015,0.073905600261938,0.009477447137644422,0.00037132781007969936,0.0001719608629658122,0.0002255782046734566,0.0009578513207142607,0.00096883734041733,0.00016871877853393596,0.015532919478102945,0.00033555149558997646,0.0004187359633083914,0.0006264348941507506,0.0005410411856594469,0.004656394593924903
63,0.03415120867159508,0.002052112667721853,3.293290667697507,0.12933568331874443,0.17568267427736456,0.12536465032362615,0.001484313942557979,0.045351473922902494,-24.90209884988165,2.140457195868839,-1.1003149259778466,-0.34456413322341006,0.012365849798343615,-0.18408279815380718,-0.14057623223452115,0.24501794002107893,-0.4735089909795951,-0.7331905964809424,-0.024766652377063013,0.08237470430947358,0.1462830042868114,0.0077922612015651795,0.0007188454939967338,0.0001746263147364955,0.00018755627064798164,0.0002858746182928692,0.00010648077949335712,0.00038489186454499343,0.01642968994043728,0.0001379684114052135,0.00015906288929840953,0.0002588106970701919,0.00012706059590728185,0.00476022030371087
64,0.04517211664928115,0.022016642415717845,3.1421176598601672,0.15043506050998506,0.16887324832777945,0.43152150615841406,0.001979709536983021,0.09124716553287981,-20.98134433196332,1.4407103512101136,-0.6630214893517068,-0.5803095309920594,-0.17932432944248805,-0.1933266211585273,-0.3905719998572105,-0.27973812490215666,-0.7374000237002245,-0.28428494318513503,0.3738868597857225,-0.21165981009255205,-0.1624047781692185,0.00837246065229007,0.00021172643977755506,0.000388489345635422,0.0003895300210816485,0.000659687882909473,0.0016345629891270374,0.000677036303719563,0.040958223235698664,0.000391262629792818,0.0008518627821101359,0.00019282473766996878,0.0010176380434664051,0.011160111017023312
65,0.028209896140414532,0.004079180368607864,3.220272821085537,0.07950053691296534,0.1364601058203793,0.04977956542966904,0.0029928474151716977,0.030294784580498866,-24.454590594699788,2.758385405130135,-1.0713427648298688,-0.6569085109948165,-0.41735690327265484,0.14858892591966844,-0.1215354008278366,-0.14928430623997624,-0.5975039469122398,-0.618405662830412,-0.0067779147934159175,-0.01606185394950048,0.011603342390163321,0.005297408645133661,0.0005683401476705757,0.0004979321610056942,9.689551955809854e-05,0.0010055468766641132,0.00035275610081742637,0.00024166070094376065,0.009342435114129468,0.0001423844309460254,0.00023816080897550685,0.00023668557865312616,0.0002800408230529714,0.002729791093186974
66,0.04040999591818223,0.01194376963883838,3.103260531132267,0.15172729008462038,0.16414015231881732,0.41136586596684266,0.0035334271753918057,0.07609977324263038,-22.14389182052874,1.4042991322232372,-0.6139001802518494,0.4734272530037499,-0.33260335621018244,-0.08522233385661845,-0.26016929059127514,-0.01609813614285964,-0.6446639223309056,-0.874666183075177,-0.10319877245330515,0.09795764068096388,0.13963717181910468,0.005751169772757025,0.0003852339139023845,0.0003045047303948196,0.0002456420958566908,0.0006252814125651092,0.0009388940871117306,0.000446394872904455,0.012136860038788848,0.00015218088672683852,0.00025870141022113404,0.00020351374727172326,0.00019984031504202153,0.003455312630631579
67,0.03764343054106762,0.023729469319561287,3.0298547106734284,0.10757894452306148,0.1491899187145896,0.1956377983877121,0.0022335972394361865,0.045351473922902494,-21.161919652738803,1.6396447091008528,-1.0173769494559406,-0.149620316852144,0.06385197749884597,-0.26886824964219475,-0.09677862314411051,-0.487997023624187,-1.1238801863330068,-0.700142909579203,0.12082867023528854,0.3006224536771737,0.054567860376531704,0.0008296812062300873,0.00478244497074237,5.4896632433269936e-05,0.00015757792921238434,0.00040131743325344245,0.004034726276079779,0.009281917392781823,0.0009239846528808132,0.00042399621103840664,0.0001446302194821615,0.00027585271951142455,0.0008460715092798575,0.0026943925526272928
68,0.024037371309356435,0.005660902033686915,3.0653781914913085,0.08950603325224607,0.16825271867759464,0.03722027012686503,0.0018892666730159333,0.028662131519274377,-24.057741678462673,2.9863589917407545,-1.054675062533683,-0.3041154773867145,-0.3115859531478974,-0.21917759004987333,-0.026745255703105108,-0.34445915692474843,-1.1853859653898065,-0.4776713083573234,0.0809786045964238,0.389200361624969,0.11684200983740287,0.0058250595641471435,0.000441723331832123,0.00010051785131555847,0.0002656223885673986,0.0009219887868444057,0.0018781158782016634,0.012440957136601727,0.006103519733309165,0.00012615268839395857,3.3761936367591995e-05,0.0001568634176078752,0.0006064752557649962,0.0036676495217865847
69,0.027076057871105265,0.008425606542494222,3.18486335263469,0.09863329362534047,0.15382185203528892,0.08837498192312064,0.002185465346715331,0.040272108843537414,-22.74322489937041,2.51818358589355,-0.6731201165184814,-0.24741978412039412,-0.5749274329498351,-0.30378603792116293,-0.23540571385333,-0.15895323347174278,-0.5819563746678518,-0.6948656072211445,0.013734969178538267,0.34919845814900624,-0.08279043384605847,0.0037952342188240368,0.0007285091965439443,0.0001606973138318124,0.00032311162233585576,0.001027169722713789,0.0008403645188875646,0.04063716870002787,0.0025511180190927935,0.00016853182541232768,0.00014392614810730114,0.0007311000468702768,0.0019097639796625883,0.010972365735743625
70,0.032563835094562114,0.028000778121175393,3.0599105529267825,0.1197567221152057,0.14123813877763855,0.30518933625426964,0.0021865678877161787,0.05061224489795919,-20.6472583713716,1.624904282268327,-0.5717362679165017,-0.13511776109438908,-0.18657713423318123,-0.4030155774139937,-0.11510550528249612,-0.4322074666447188,-0.931875101736755,-0.7343809789781262,-0.2867592713866024,0.42499096878985076,0.15619314606530527,0.017546549904938594,0.00046205819666688487,0.00031189254886317065,0.00031426411396634577,0.001179767556900686,0.047546382834897,0.0002488919530238866,0.004705620236848743,0.0003614141796091448,0.00043563117374982813,0.00013381920389404932,0.0006264141638369442,0.013349507179728564
71,0.018912422332078554,0.011658276406482593,2.993272571093563,0.06458938347501202,0.1255924721390177,0.014425831723931224,0.002655024395430557,0.027120181405895692,-23.512157686745674,3.198921591125587,-0.8887216937312465,-0.07217738391353234,-0.4372825664991671,-0.4879901777511264,-0.3274828234369399,-0.5376600387108378,-0.9517599478491127,-0.8220676087322218,-0.3200210248937517,0.40316774371137293,0.08290620780397603,0.01460565881691032,0.000455379087471403,0.000279079689636951,0.00025844698491802687,0.0007190783100319136,0.0026922235748670803,0.0004592766144068805,3.722760728985081e-05,0.00023059809387122632,0.00017104078732005539,0.0001237974653873955,0.0007331753467910484,0.003940791412019056
72,0.028663431448138238,0.011245800892150378,2.896432336391556,0.1320308174922077,0.18549354476641405,0.12599708667282186,0.002495688136522356,0.027664399092970523,-22.521604853944666,2.7374769184364167,-0.508336750504652,-0.1728813482647772,-0.20668834133249575,-0.6446254457529159,-0.14945718351448484,-0.33383649293716633,-0.7237342270117016,-0.5441954131908375,0.01595914143210664,0.46695563565353426,0.17193274610942635,0.004679956514317536,0.00013788813929953766,0.00022909404945505968,0.0007812571981572862,0.004554293331823365,0.043282897265363815,0.0013612085477962533,0.00430016057917832,0.001151690007164485,0.0004266256627011902,0.0004709102177706716,0.0005426310043932216,0.011617553633009665
73,0.03782484466415711,0.036335092821139815,3.1436453031321006,0.16031729254452293,0.1733855483930384,0.45086760333148174,0.0012802596980582268,0.0545124716553288,-20.198652216383007,1.6626863895409598,-0.30918319767044267,-0.2562891558404159,-0.2736217593921262,-0.47160760667655854,0.024197230541633655,-0.34432415559402085,-0.8737927498535939,-0.6987579759746199,-0.08338310199775126,0.3181489037434051,0.05204664992471471,0.07606100198324967,0.0003224768027281988,0.0001186586131105408,0.0001419288533170842,0.0024584709211013466,0.0798046263500334,0.0010058246468020726,0.01017853083215615,0.0001985871731247536,0.0003669110431562514,0.0003961263498874343,0.0001419948652740703,0.02861073137463376
74,0.026350401378747335,0.017465118476310236,3.243863147075995,0.0878652090016412,0.152821423120426,0.03415120690942238,0.002960186903573014,0.030839002267573697,-21.963452526585268,2.879079641173091,-1.2462895051217564,-0.4211829007354245,-0.26910972663433375,-0.19650691815629878,-0.24536505396041408,-0.26911417901956336,-0.663483583193796,-0.3016180604855686,-0.07503270809091335,-0.13159679712249672,-0.2138304847624669,0.019807379821726635,0.0004104012149685722,0.0002523662901606853,0.00020137433580230695,0.0023627583028582697,0.010542918083994551,0.0005188670383112966,0.02195940025982112,0.0003708741816944953,0.00030464373067426627,0.0005823131601447795,0.0007164961140120121,0.007704363510307778
75,0.03378838042541612,0.01919136584423042,3.2078144902861094,0.09120236962105122,0.13246988725675246,0.09821977100656347,0.0019533455702804283,0.04036281179138322,-21.57976245619847,2.0961720852853865,-1.2908735831584928,-0.2703129901927456,-0.24091161785286436,-0.0069873626197156785,-0.03305010570837145,-0.33993734109844226,-0.6026183081695442,-0.3727172380716954,0.32172740701945246,-0.14044476896629393,-0.23459640455739472,0.009237294103746217,0.00012129773541398278,0.00023771557129203923,0.00018919141066530687,0.00124199178603513,0.0012890102813349637,0.00020127696720314786,0.005400491130246421,0.00041215340543439624,0.0002506748706961757,0.00014444704150927843,0.00015093366655836884,0.002714581429929474
76,0.034922218694725386,0.026911530592571786,3.028091807447198,0.09583116063985339,0.13381178692325882,0.14398144216122308,0.002059578141411979,0.05061224489795919,-20.475961756593097,1.5574105654716854,-1.104820028889541,-0.21923452635206198,-0.10901642250101394,-0.48846467794189385,-0.1586122373700432,-0.5890380095982681,-0.7365497893504422,-0.1250305465428055,0.11920505432936951,-0.1015612108340737,-0.4921028598815021,0.02264374747372569,0.00040026718075382304,0.0014907930785407306,0.0025236974147239397,0.0007054422506600838,0.0005789604216668294,0.0007426489915733706,0.04054637658011436,0.02174339968537131,0.00023304686276813907,9.665200583038837e-05,0.0007927434899145955,0.012673348142014693
77,0.02644110844029208,0.010576707782465722,2.94530746297037,0.08689595854290559,0.1591933043048228,0.03913454498921887,0.0014890848502420355,0.032108843537414965,-22.451697885212045,2.531509267753185,-1.2298870680371077,-0.6598721790150005,-0.32282097708927526,-0.30782579584437986,-0.5322744070720179,-0.48538227837040676,-0.7378021144484466,-0.009553919265693225,0.1262281729422878,-0.013817992342915114,-0.3927350246651889,0.008112493654491508,0.00015153126724907977,0.0003683993917828999,0.0007863425982495941,0.00045657317328302036,0.0005913519181015103,0.0033993671150458265,0.04473574824355723,0.0019032904090054042,0.0005407994694826036,9.643974209241461e-05,0.0002511906864369776,0.012144549065976038
78,0.03487686516395301,0.017752924382552344,3.239179771547975,0.1302421721440274,0.17776173865593098,0.12456721126602115,0.0012885055244300442,0.031020408163265307,-21.642834923301095,2.1322574274143387,-0.9152777343172596,-0.5113492668346129,-0.20193569157030627,-0.023213973463911925,-0.21967862891702533,-0.45411809093998146,-0.8743548672002694,-0.1761921148106389,0.40855721399028455,-0.13010042069733596,0.04610428562255041,0.0034986004592920455,0.0002590633897299942,0.00024208169659721042,0.00015446329291577597,0.0014915254996118905,0.0031081580703372414,0.00169515137724652,0.014142642500590524,0.0004912168095766346,0.00012509969990208658,5.74421904180264e-05,0.0002830817058063598,0.0037981288763503872
79,0.03465009751009116,0.04044695076463001,3.200410517949215,0.13249458438242503,0.17355759724527262,0.19565222093505055,0.0018992743263989383,0.04036281179138322,-19.856362659599927,2.211495351997458,-0.6900126650892799,-0.33341844864939363,-0.04093249859470473,-0.23294709870271674,-0.25864703301775116,-0.6404071770540543,-0.6825328071975665,-0.29180728956465035,0.2211264256192012,-0.09648382076876025,0.09093291879242704,0.030186783931555654,0.00045583004563029864,0.00033037604045595305,0.0005792631118917841,0.0020735030224516737,0.022628300818701496,0.0006530966186424409,0.07251775830438768,0.0003689559368223095,0.00039983421250609113,0.0006406126914769139,0.0012828349143549818,0.02088711569889422
80,0.03138464329448048,0.03325235855015196,3.2657547868184023,0.0938545287306453,0.1480301125446879,0.07230121716274486,0.0013220424507429482,0.040272108843537414,-20.701419194136104,2.5240497162677413,-1.0229934899722757,-0.40073894673393157,0.1048749971561871,-0.11888882025488202,-0.10223710937100502,-0.5200076066205973,-0.8894452180681438,-0.16543441419860855,0.23603833798438176,0.0992828109251507,0.14221368613450067,0.025961965437748088,0.003206433198918777,0.0004606729894871922,9.405615461900558e-05,0.000593624495532285,0.020593142249868298,0.024853820731454198,0.04531354135036683,0.00019945885030759057,0.0003006336146331163,0.0001608672202839806,0.00044941559096469454,0.01453785813571911
81,0.03428726926391219,0.02800822711018612,3.256496339587864,0.10258892695150353,0.15157984488669457,0.10394138930947208,0.0011660029610303347,0.043356009070294785,-20.67957159661471,2.3833822524659993,-1.0043994411766088,-0.39248376769745275,-0.18200863773689485,-0.3854272363486015,-0.18021342504412874,-0.6311711514683339,-0.8874089903513653,-0.25825518571564815,0.07817241263057216,0.17232507124680876,0.2162456020511221,0.02507862680611473,0.025384070736202944,0.0004143522932386295,0.0010162114914758205,0.0006354810178432362,0.021801564326680824,0.010290128363138022,0.0329252923592082,0.0006699074307653064,0.0002596919064821915,0.00010694983426725393,0.0002313537583303768,0.01212558551133088
82,0.04113565241054016,0.03717190316121821,3.151285049157342,0.13325525139763184,0.16113250989712818,0.31029016916567953,0.0016503284661228443,0.06757369614512472,-20.09842791856922,1.6877510794914963,-0.6272251675038016,-0.32008950606161296,-0.2340213902223718,-0.20811844795108914,-0.1590959710446525,-0.5328448109039876,-1.0431682621056328,-0.5264412441493058,-0.06046945977707775,0.08858568526804539,0.38268303423277883,0.04219237500755835,0.0019129247849681173,0.00019614810578248715,0.0003843841409093348,0.0007229658216811454,0.027943563359281345,0.002146026863344857,0.005656653883727465,9.527422779911892e-05,0.00018421207082629178,0.000135389659416571,0.00018332096197315895,0.013054818826132776
83,0.03374302689464375,0.014093751326323237,3.258763813293484,0.104806518113258,0.14989215690115165,0.07785989477246821,0.0013699964516544053,0.04072562358276644,-21.88391018886592,2.103093854965674,-1.1548089793879548,-0.362854444062366,-0.54779887874148,0.001108421880222931,-0.14481721383256166,-0.2489868528328893,-0.9008364153253647,-0.5274163560563165,0.06043817694278911,0.22502136327749,0.11688608455179673,0.00785252196472672,0.00036839050008500874,0.00022696103535098093,0.0002495880149199587,0.0013333370926811646,0.023885676650912804,0.00044649592666063943,0.025338802678709912,8.048186500419408e-05,0.0003734210534282991,0.00021047710641885914,0.00032742079237149685,0.008989766527229088
84,0.027756360832690823,0.01219446515529884,2.934876712898514,0.12329015656126713,0.17419580162719542,0.08857699503691868,0.002687474283643379,0.027120181405895692,-22.63340642106037,2.3204214651360227,-0.4190148382836154,-0.08938017036423071,-0.14868286787806978,-0.13052089921348534,-0.1909994332118161,-0.22068046834374652,-1.0480377184245613,-0.5817357499308025,0.11548190724874444,0.07522778198548999,0.277703819050269,0.019707990629399205,0.00029303798570865907,0.0006349210607949381,0.00014302114305692293,0.0011594180313644884,0.0408007318496491,0.0006202521872828735,0.0076260780972754166,0.00015219126459768147,0.0003855432496391495,9.985117925285453e-05,0.0003827068961508803,0.011838353665931046
85,0.027484239648056602,0.034721649799497496,3.1445425448659003,0.1192894676772488,0.14546866600720032,0.23382791769702407,0.0018481734762786058,0.040634920634920635,-20.759771161750457,1.7834611643058595,-0.42473796547723386,-0.10646536776806759,-0.11627399620034669,-0.3889213409418897,-0.03538005856483985,-0.39169698888957377,-1.0116281773122595,-0.7314319058845696,-0.272540519562223,0.32839220527703905,0.3480169930082322,0.015020491137389997,0.0004259069115184894,0.00042737051367565035,0.0012466715763642647,0.0027724114701618294,0.1319579708808849,0.0003398492319118444,0.0010873291542597028,6.239421231088244e-05,0.00017832035227634266,3.907213989931617e-05,0.0001450535230068426,0.0361487299887129
86,0.02213252301691687,0.01720276829369858,3.2952532487813713,0.08348556054847171,0.15397676870119922,0.024401125732365775,0.003922753171593897,0.025215419501133787,-22.82383938903486,3.1924670161270727,-0.7337032237777036,-0.37309501724950456,-0.41567720545764264,-0.3790056992076936,-0.0755928632817175,-0.19902091462564245,-0.7385980477796235,-0.6101460158331258,-0.2621549992817638,0.05195259526299,0.04377743027841665,0.015115650389253927,7.182992797389807e-05,0.0002485009208397477,0.00033444184590283535,0.0002894527133715191,0.03235119831458709,0.0013239174182272488,0.009527920327607417,0.00022019300037286662,0.00034394515342986735,0.00015056876964909138,0.001643203115052354,0.009373463955825527
87,0.03709918817179918,0.014861329687042988,3.2588442234069985,0.12846682094596118,0.15872530320877554,0.3235806565701307,0.0037514767473979978,0.05070294784580499,-21.373620571576225,1.9842085000644756,-0.490288287079499,-0.25389819350909804,-0.3376911120884417,-0.5055518294616531,-0.19455225674394286,-0.12800214218054573,-0.5505321412927904,-0.5222885916110178,0.045805300171931435,-0.14053741562758176,-0.1178774481618452,0.07675140843246263,0.001360828429655262,0.0002967744995900729,0.00036271377975643056,0.0003201364944077163,0.002335477831954373,0.0013606639759643551,0.05967426162510758,0.00026107184928551706,0.00018793205375396125,0.00024815542762033596,0.0014983213158944928,0.025363793277415073
88,0.047303732595582564,0.03392928386543081,3.1840693293176865,0.19329489648006973,0.20106814600123413,0.5343061433251282,0.0014237187690295122,0.06712018140589569,-20.25910153149385,1.7984509940331317,-0.8737134723765712,-0.5178687854150826,-0.17948518333344554,-0.12022721717435952,-0.3589494435981773,-0.625047320221084,-0.6722340940175484,-0.15895573478761754,0.21970842073484148,-0.10424343304322328,-0.46067158250429785,0.0022310325507099863,0.00024605717251074846,0.005840774833132741,0.000531874408238138,0.0009748341575908552,0.002593339436411388,0.00039161772860926946,0.04231387650541879,0.0004516503346355142,0.0001544203103909965,7.919432280696386e-05,0.0005466207581458637,0.011451352886789397
89,0.028663431448138238,0.012028441733838985,2.9793653561673623,0.08230000268164782,0.1398186083383949,0.051440419548178754,0.0015131951472205458,0.03229024943310658,-22.352009565805552,2.4482666528719745,-1.1653941282701517,-0.3415663272007582,-0.2214789385406467,0.048335707118712185,-0.35407629470415364,-0.7290054750678121,-0.7437182855133407,0.1652227243624616,0.3405658875392575,0.10724992800166114,-0.5603784922135447,0.002256776668870007,0.00039551177610043823,0.004038468746991117,0.00031046440119817975,0.0005050256447851879,0.003373821640247696,0.0016330133550388208,0.04572014987206948,0.0005654039490142519,9.02825937152813e-05,0.00016248726254743223,0.000342783269153187,0.012358502161557308
